# Region type :   patch branch_inlet
# Faces           : 195
# Area            : 7.2716837006e-03
# Scale factor    : 1.0000000000e+00
# Time            	sum(phi)
0.0022270965      	-1.0043629945e+00
0.0096097579      	-1.0001104214e+00
0.013010141       	-1.0053953293e+00
0.015529156       	-1.0064031072e+00
0.018148069       	-1.0074575055e+00
0.020857049       	-1.0182114492e+00
0.02347722        	-1.0383356813e+00
0.026041769       	-1.0446430321e+00
0.028605501       	-1.0434015896e+00
0.031064934       	-1.0451902313e+00
0.033272514       	-1.0468980302e+00
0.035314692       	-1.0477693801e+00
0.037336227       	-1.0488320419e+00
0.039372081       	-1.0540154828e+00
0.041394097       	-1.0643346186e+00
0.043402323       	-1.0722962165e+00
0.045418211       	-1.0749709438e+00
0.047440984       	-1.0772601158e+00
0.049404863       	-1.0792109270e+00
0.051270606       	-1.0801875491e+00
0.053080282       	-1.0800880918e+00
0.05487189        	-1.0810669798e+00
0.056648489       	-1.0863111872e+00
0.058411791       	-1.0931816847e+00
0.060178796       	-1.0972618672e+00
0.061961981       	-1.1006764397e+00
0.063737396       	-1.1042731383e+00
0.06546678        	-1.1060510921e+00
0.067149859       	-1.1058926828e+00
0.068799377       	-1.1056524827e+00
0.070418288       	-1.1083789965e+00
0.07201351        	-1.1129981930e+00
0.073605298       	-1.1161201596e+00
0.075207256       	-1.1192396549e+00
0.076810873       	-1.1236830723e+00
0.078401693       	-1.1260252954e+00
0.079973704       	-1.1254788836e+00
0.081525887       	-1.1255258082e+00
0.08305684        	-1.1279702112e+00
0.084573195       	-1.1309822952e+00
0.086091001       	-1.1333956919e+00
0.08761111        	-1.1368799134e+00
0.08913122        	-1.1407156242e+00
0.090640976       	-1.1416649519e+00
0.092133166       	-1.1409337227e+00
0.093607826       	-1.1418313755e+00
0.095066271       	-1.1446183913e+00
0.096517367       	-1.1476864544e+00
0.097968464       	-1.1504856476e+00
0.099419561       	-1.1531242066e+00
0.10086877        	-1.1542170084e+00
0.10230429        	-1.1537235214e+00
0.10372716        	-1.1544594486e+00
0.10514173        	-1.1577589983e+00
0.1065501         	-1.1615982664e+00
0.1079494         	-1.1635801133e+00
0.1093265         	-1.1638854299e+00
0.11066394        	-1.1636430026e+00
0.11195448        	-1.1639278679e+00
0.11319772        	-1.1658597169e+00
0.11438549        	-1.1688264221e+00
0.11550788        	-1.1705889645e+00
0.11655434        	-1.1702855486e+00
0.11751382        	-1.1687363116e+00
0.11839213        	-1.1667307625e+00
0.11920705        	-1.1652351103e+00
0.11997595        	-1.1643454254e+00
0.12071176        	-1.1637883472e+00
0.12142366        	-1.1636729068e+00
0.12211744        	-1.1637836228e+00
0.12279585        	-1.1634974128e+00
0.12345995        	-1.1626784516e+00
0.12411069        	-1.1614761310e+00
0.12474941        	-1.1599623380e+00
0.12537756        	-1.1582165480e+00
0.12599666        	-1.1564371827e+00
0.12660865        	-1.1548421615e+00
0.12721581        	-1.1535500467e+00
0.12782027        	-1.1525801792e+00
0.1284235         	-1.1519052062e+00
0.1290265         	-1.1514230236e+00
0.12962963        	-1.1509933807e+00
0.1302331         	-1.1504921070e+00
0.13083662        	-1.1497698878e+00
0.13143976        	-1.1486760506e+00
0.13204176        	-1.1472218688e+00
0.13264225        	-1.1455968399e+00
0.13324123        	-1.1439600313e+00
0.13383893        	-1.1423638491e+00
0.13443587        	-1.1408795305e+00
0.13503282        	-1.1396368034e+00
0.13563073        	-1.1387047182e+00
0.13623037        	-1.1380119362e+00
0.13683211        	-1.1374207275e+00
0.13743596        	-1.1368235616e+00
0.13804175        	-1.1361258944e+00
0.13864917        	-1.1352118115e+00
0.13925774        	-1.1340056195e+00
0.13986691        	-1.1325421605e+00
0.14047644        	-1.1309490926e+00
0.14108623        	-1.1293724499e+00
0.14169673        	-1.1279133171e+00
0.14230845        	-1.1266198643e+00
0.14292208        	-1.1255282728e+00
0.1435384         	-1.1246736670e+00
0.14415801        	-1.1240197596e+00
0.14478124        	-1.1234279236e+00
0.14540791        	-1.1227466558e+00
0.14603771        	-1.1218948282e+00
0.14667028        	-1.1208363514e+00
0.14730514        	-1.1195547411e+00
0.14794187        	-1.1181051993e+00
0.14858019        	-1.1166294716e+00
0.1492202         	-1.1152663311e+00
0.14986238        	-1.1140781301e+00
0.15050729        	-1.1130790275e+00
0.15115545        	-1.1122767903e+00
0.15180719        	-1.1116437245e+00
0.15246262        	-1.1110752085e+00
0.15312143        	-1.1104238531e+00
0.15378298        	-1.1095863052e+00
0.15444654        	-1.1085422121e+00
0.15511149        	-1.1073258833e+00
0.15577729        	-1.1060037776e+00
0.15644368        	-1.1046852287e+00
0.15711093        	-1.1034903052e+00
0.15777953        	-1.1024820955e+00
0.15845013        	-1.1016531248e+00
0.1591232         	-1.1009704341e+00
0.159799          	-1.1003849455e+00
0.16047756        	-1.0997956696e+00
0.16115846        	-1.0990792925e+00
0.16184106        	-1.0981746166e+00
0.16252471        	-1.0971066551e+00
0.163209          	-1.0959425152e+00
0.16389358        	-1.0947635968e+00
0.16457878        	-1.0936636380e+00
0.16526494        	-1.0927188215e+00
0.16595274        	-1.0919487151e+00
0.16664276        	-1.0913165548e+00
0.16733523        	-1.0907629346e+00
0.1680302         	-1.0902157491e+00
0.1687274         	-1.0895853752e+00
0.16942615        	-1.0888025452e+00
0.17012595        	-1.0878726576e+00
0.17082639        	-1.0868653890e+00
0.17152727        	-1.0858617700e+00
0.17222865        	-1.0849331091e+00
0.17293106        	-1.0841371261e+00
0.17363485        	-1.0834952584e+00
0.17434051        	-1.0829739972e+00
0.17504818        	-1.0825078935e+00
0.1757576         	-1.0820278030e+00
0.17646837        	-1.0814676310e+00
0.17717989        	-1.0807816865e+00
0.17789168        	-1.0799774354e+00
0.17860256        	-1.0791182539e+00
0.17931344        	-1.0782785254e+00
0.18002369        	-1.0775152085e+00
0.18073416        	-1.0768605944e+00
0.18144508        	-1.0763213465e+00
0.18215703        	-1.0758666051e+00
0.18287012        	-1.0754367113e+00
0.18358402        	-1.0749726124e+00
0.18429932        	-1.0744301422e+00
0.18501461        	-1.0737900222e+00
0.1857299         	-1.0730693669e+00
0.18644519        	-1.0723231719e+00
0.18716049        	-1.0716139418e+00
0.18787578        	-1.0709830615e+00
0.18859107        	-1.0704464198e+00
0.18930786        	-1.0699954765e+00
0.19002546        	-1.0695990590e+00
0.19074426        	-1.0692059723e+00
0.19146455        	-1.0687672811e+00
0.19218484        	-1.0682565691e+00
0.19290514        	-1.0676717126e+00
0.19362543        	-1.0670368068e+00
0.19434572        	-1.0663994192e+00
0.19506601        	-1.0658067896e+00
0.1957863         	-1.0652860160e+00
0.19650659        	-1.0648382331e+00
0.19722688        	-1.0644467327e+00
0.19794717        	-1.0640801134e+00
0.19866746        	-1.0636976670e+00
0.19938775        	-1.0632667526e+00
0.20010846        	-1.0627758701e+00
0.20083175        	-1.0622342009e+00
0.20155508        	-1.0616738601e+00
0.20227846        	-1.0611285821e+00
0.20300213        	-1.0606359186e+00
0.20372631        	-1.0602070916e+00
0.20445132        	-1.0598340073e+00
0.2051773         	-1.0594962027e+00
0.20590438        	-1.0591624012e+00
0.20663249        	-1.0588030161e+00
0.20736141        	-1.0583984947e+00
0.20809096        	-1.0579490948e+00
0.20882092        	-1.0574725213e+00
0.20955129        	-1.0569985395e+00
0.21028204        	-1.0565568342e+00
0.21101338        	-1.0561653931e+00
0.21174546        	-1.0558271274e+00
0.21247843        	-1.0555253785e+00
0.21321233        	-1.0552377036e+00
0.21394707        	-1.0549380852e+00
0.21468243        	-1.0546058260e+00
0.21541815        	-1.0542350948e+00
0.21615395        	-1.0538346856e+00
0.21688944        	-1.0534269030e+00
0.21762465        	-1.0530357432e+00
0.21835946        	-1.0526798640e+00
0.2190939         	-1.0523638430e+00
0.21982799        	-1.0520786546e+00
0.22056166        	-1.0518054831e+00
0.22129477        	-1.0515233481e+00
0.22202712        	-1.0512150765e+00
0.22275845        	-1.0508718030e+00
0.22348854        	-1.0504963005e+00
0.22421725        	-1.0501031226e+00
0.22494458        	-1.0497114216e+00
0.22567063        	-1.0493383397e+00
0.22639563        	-1.0489928128e+00
0.22711985        	-1.0486727720e+00
0.22784352        	-1.0483673380e+00
0.22856689        	-1.0480616415e+00
0.22929026        	-1.0477425563e+00
0.23001364        	-1.0474019122e+00
0.23073703        	-1.0470404738e+00
0.23146078        	-1.0466650920e+00
0.23218487        	-1.0462912056e+00
0.23290955        	-1.0459343913e+00
0.23363493        	-1.0456052226e+00
0.23436115        	-1.0453065028e+00
0.23508837        	-1.0450317085e+00
0.23581657        	-1.0447687173e+00
0.23654581        	-1.0445036760e+00
0.2372759         	-1.0442266736e+00
0.23800674        	-1.0439333187e+00
0.23873814        	-1.0436264059e+00
0.23947004        	-1.0433150036e+00
0.24020236        	-1.0430114300e+00
0.24093502        	-1.0427262722e+00
0.24166802        	-1.0424641766e+00
0.24240136        	-1.0422218548e+00
0.2431351         	-1.0419916258e+00
0.24386913        	-1.0417616254e+00
0.24460335        	-1.0415220959e+00
0.24533756        	-1.0412678308e+00
0.24607178        	-1.0409985928e+00
0.2468055         	-1.0407204718e+00
0.24753919        	-1.0404424027e+00
0.24827239        	-1.0401739404e+00
0.2490056         	-1.0399205160e+00
0.2497387         	-1.0396821207e+00
0.25047137        	-1.0394537080e+00
0.25120458        	-1.0392270828e+00
0.2519378         	-1.0389944973e+00
0.25267101        	-1.0387506916e+00
0.25340479        	-1.0384953469e+00
0.25413887        	-1.0382326625e+00
0.25487347        	-1.0379703742e+00
0.25560876        	-1.0377170782e+00
0.25634497        	-1.0374794448e+00
0.25708214        	-1.0372597925e+00
0.25782048        	-1.0370555092e+00
0.25855999        	-1.0368610912e+00
0.25930062        	-1.0366697651e+00
0.26004234        	-1.0364751095e+00
0.26078508        	-1.0362743943e+00
0.26152874        	-1.0360685230e+00
0.26227319        	-1.0358622539e+00
0.26301842        	-1.0356617331e+00
0.26376443        	-1.0354716853e+00
0.26451125        	-1.0352949120e+00
0.26525894        	-1.0351298923e+00
0.26600751        	-1.0349727471e+00
0.26675707        	-1.0348185274e+00
0.26750765        	-1.0346624651e+00
0.26825923        	-1.0345020816e+00
0.26901178        	-1.0343381811e+00
0.26976539        	-1.0341745830e+00
0.27052013        	-1.0340165678e+00
0.27127627        	-1.0338689378e+00
0.27203366        	-1.0337339790e+00
0.27279233        	-1.0336120104e+00
0.2735526         	-1.0334996464e+00
0.27431423        	-1.0333929360e+00
0.27507716        	-1.0332876245e+00
0.27584138        	-1.0331809221e+00
0.27660675        	-1.0330720097e+00
0.27737319        	-1.0329631998e+00
0.27814053        	-1.0328579833e+00
0.27890888        	-1.0327596103e+00
0.27967829        	-1.0326697159e+00
0.28044835        	-1.0325875148e+00
0.28121962        	-1.0325105569e+00
0.28199154        	-1.0324357251e+00
0.28276443        	-1.0323600092e+00
0.28353769        	-1.0322818106e+00
0.28431239        	-1.0322008475e+00
0.28508708        	-1.0321189266e+00
0.2858623         	-1.0320387000e+00
0.2866391         	-1.0319624574e+00
0.2874159         	-1.0318913187e+00
0.28819307        	-1.0318246861e+00
0.28897241        	-1.0317609267e+00
0.28975174        	-1.0316980100e+00
0.29053171        	-1.0316345084e+00
0.29131422        	-1.0315700614e+00
0.29209672        	-1.0315054986e+00
0.29288048        	-1.0314428740e+00
0.29366717        	-1.0313850453e+00
0.29445385        	-1.0313343589e+00
0.29524328        	-1.0312918984e+00
0.29603607        	-1.0312581175e+00
0.29682886        	-1.0312323617e+00
0.29762164        	-1.0312140631e+00
0.29841443        	-1.0312032407e+00
0.29920721        	-1.0311996125e+00
0.3               	-1.0312049658e+00
0.30080897        	-1.0312215667e+00
0.30162107        	-1.0312503726e+00
0.30243619        	-1.0312915573e+00
0.3032542         	-1.0313445467e+00
0.30407491        	-1.0314059140e+00
0.30489795        	-1.0314737089e+00
0.30572295        	-1.0315467272e+00
0.30654953        	-1.0316220136e+00
0.30737729        	-1.0316973639e+00
0.30820591        	-1.0317728277e+00
0.30903503        	-1.0318480960e+00
0.30986451        	-1.0319224223e+00
0.31069411        	-1.0319955791e+00
0.3115237         	-1.0320666922e+00
0.3123533         	-1.0321350737e+00
0.31318299        	-1.0322012717e+00
0.31401298        	-1.0322657995e+00
0.31484297        	-1.0323287036e+00
0.31567325        	-1.0323907550e+00
0.31650383        	-1.0324533749e+00
0.31733485        	-1.0325172067e+00
0.31816636        	-1.0325824524e+00
0.3189986         	-1.0326492397e+00
0.31983158        	-1.0327173471e+00
0.32066544        	-1.0327873975e+00
0.32150023        	-1.0328603670e+00
0.32233611        	-1.0329366571e+00
0.32317306        	-1.0330170119e+00
0.32401123        	-1.0331024031e+00
0.32485052        	-1.0331934954e+00
0.32569102        	-1.0332901660e+00
0.3265326         	-1.0333919016e+00
0.32737512        	-1.0334977627e+00
0.32821837        	-1.0336069872e+00
0.32906212        	-1.0337189464e+00
0.32990611        	-1.0338325147e+00
0.33075011        	-1.0339456533e+00
0.33159375        	-1.0340570521e+00
0.33243694        	-1.0341663579e+00
0.33327953        	-1.0342725910e+00
0.33412132        	-1.0343742623e+00
0.33496236        	-1.0344712909e+00
0.33580253        	-1.0345643711e+00
0.33664195        	-1.0346541777e+00
0.33748063        	-1.0347413040e+00
0.33831855        	-1.0348262205e+00
0.33915585        	-1.0349087795e+00
0.33999251        	-1.0349898579e+00
0.34082855        	-1.0350691250e+00
0.34166398        	-1.0351461053e+00
0.34249872        	-1.0352202421e+00
0.34333271        	-1.0352914621e+00
0.3441658         	-1.0353598492e+00
0.34499803        	-1.0354249694e+00
0.34582919        	-1.0354866636e+00
0.34665923        	-1.0355443939e+00
0.34748811        	-1.0355976671e+00
0.34831578        	-1.0356462468e+00
0.3491422         	-1.0356896213e+00
0.34996737        	-1.0357274209e+00
0.35079132        	-1.0357599002e+00
0.35161414        	-1.0357877585e+00
0.35243594        	-1.0358117126e+00
0.35325686        	-1.0358324119e+00
0.35407688        	-1.0358505548e+00
0.3548962         	-1.0358666177e+00
0.35571482        	-1.0358810031e+00
0.35653291        	-1.0358939029e+00
0.35735072        	-1.0359051984e+00
0.3581678         	-1.0359147922e+00
0.35898483        	-1.0359230236e+00
0.3598015         	-1.0359302645e+00
0.36061771        	-1.0359369353e+00
0.36143393        	-1.0359434213e+00
0.36225014        	-1.0359499494e+00
0.363066          	-1.0359566242e+00
0.36388132        	-1.0359633599e+00
0.36469664        	-1.0359696978e+00
0.36551172        	-1.0359749144e+00
0.36632608        	-1.0359785621e+00
0.36714009        	-1.0359807055e+00
0.36795346        	-1.0359805528e+00
0.36876584        	-1.0359777558e+00
0.36957727        	-1.0359722407e+00
0.37038752        	-1.0359630189e+00
0.37119632        	-1.0359488970e+00
0.37200364        	-1.0359293520e+00
0.37280923        	-1.0359032108e+00
0.37361297        	-1.0358695399e+00
0.37441463        	-1.0358278151e+00
0.37521429        	-1.0357778130e+00
0.37601182        	-1.0357192786e+00
0.37680711        	-1.0356523609e+00
0.37760049        	-1.0355775414e+00
0.37839177        	-1.0354950279e+00
0.37918125        	-1.0354054424e+00
0.37996915        	-1.0353097352e+00
0.38075582        	-1.0352087835e+00
0.3815413         	-1.0351036243e+00
0.38232584        	-1.0349955008e+00
0.38310962        	-1.0348857504e+00
0.38389339        	-1.0347754350e+00
0.38467717        	-1.0346656315e+00
0.38546095        	-1.0345571870e+00
0.38624472        	-1.0344505027e+00
0.3870285         	-1.0343457275e+00
0.38781228        	-1.0342428231e+00
0.38859605        	-1.0341416731e+00
0.38937983        	-1.0340418568e+00
0.3901636         	-1.0339431357e+00
0.39094738        	-1.0338452990e+00
0.39173116        	-1.0337480855e+00
0.39251493        	-1.0336513088e+00
0.39329871        	-1.0335547440e+00
0.39408249        	-1.0334580920e+00
0.39486626        	-1.0333610227e+00
0.39565004        	-1.0332631071e+00
0.39643382        	-1.0331640111e+00
0.39721759        	-1.0330633304e+00
0.39800137        	-1.0329607851e+00
0.39878515        	-1.0328562649e+00
0.39956892        	-1.0327495613e+00
0.40035197        	-1.0326407035e+00
0.40113376        	-1.0325298888e+00
0.40191512        	-1.0324169819e+00
0.40269607        	-1.0323019355e+00
0.40347667        	-1.0321847813e+00
0.40425697        	-1.0320659615e+00
0.40503719        	-1.0319456662e+00
0.40581718        	-1.0318243184e+00
0.40659745        	-1.0317027104e+00
0.40737785        	-1.0315815423e+00
0.40815863        	-1.0314614314e+00
0.40893982        	-1.0313429902e+00
0.40972158        	-1.0312267800e+00
0.41050394        	-1.0311132573e+00
0.41128695        	-1.0310026308e+00
0.41207062        	-1.0308947138e+00
0.41285495        	-1.0307890513e+00
0.41363992        	-1.0306856530e+00
0.41442553        	-1.0305844771e+00
0.41521174        	-1.0304849656e+00
0.41599853        	-1.0303869481e+00
0.41678596        	-1.0302904735e+00
0.41757405        	-1.0301960005e+00
0.4183628         	-1.0301038874e+00
0.41915225        	-1.0300143684e+00
0.41994249        	-1.0299275401e+00
0.42073356        	-1.0298434937e+00
0.42152551        	-1.0297626320e+00
0.42231845        	-1.0296852279e+00
0.42311237        	-1.0296113539e+00
0.42390735        	-1.0295411515e+00
0.42470334        	-1.0294749420e+00
0.4255004         	-1.0294130499e+00
0.42629847        	-1.0293555735e+00
0.42709752        	-1.0293021881e+00
0.4278975         	-1.0292524761e+00
0.42869835        	-1.0292059160e+00
0.42949995        	-1.0291621041e+00
0.43030222        	-1.0291205762e+00
0.43110508        	-1.0290808334e+00
0.43190847        	-1.0290425852e+00
0.43271234        	-1.0290058231e+00
0.43351662        	-1.0289705212e+00
0.43432114        	-1.0289365495e+00
0.43512602        	-1.0289036742e+00
0.43593106        	-1.0288716170e+00
0.43673645        	-1.0288401753e+00
0.43754185        	-1.0288092343e+00
0.43834773        	-1.0287786892e+00
0.43915364        	-1.0287485898e+00
0.43996006        	-1.0287191630e+00
0.44076676        	-1.0286909217e+00
0.44157392        	-1.0286643675e+00
0.44238166        	-1.0286399483e+00
0.44319009        	-1.0286181473e+00
0.4439994         	-1.0285994155e+00
0.44480975        	-1.0285843980e+00
0.44562128        	-1.0285737863e+00
0.44643418        	-1.0285680055e+00
0.44724869        	-1.0285682747e+00
0.44806487        	-1.0285753385e+00
0.44888298        	-1.0285900333e+00
0.44970309        	-1.0286129330e+00
0.45052531        	-1.0286448080e+00
0.45134969        	-1.0286856262e+00
0.45217624        	-1.0287353666e+00
0.45300493        	-1.0287937244e+00
0.4538355         	-1.0288600340e+00
0.45466793        	-1.0289335475e+00
0.4555019         	-1.0290131925e+00
0.4563372         	-1.0290980396e+00
0.45717353        	-1.0291868054e+00
0.45801072        	-1.0292780317e+00
0.45884817        	-1.0293705801e+00
0.45968629        	-1.0294634365e+00
0.46052441        	-1.0295555437e+00
0.46136244        	-1.0296462268e+00
0.46219966        	-1.0297351652e+00
0.46303688        	-1.0298223918e+00
0.46387409        	-1.0299081240e+00
0.46471034        	-1.0299926223e+00
0.46554659        	-1.0300761719e+00
0.46638284        	-1.0301590870e+00
0.46721908        	-1.0302417302e+00
0.46805533        	-1.0303244725e+00
0.46889158        	-1.0304075534e+00
0.46972783        	-1.0304912874e+00
0.47056408        	-1.0305762126e+00
0.47140032        	-1.0306628418e+00
0.4722378         	-1.0307517201e+00
0.47307527        	-1.0308430662e+00
0.47391301        	-1.0309371633e+00
0.47475182        	-1.0310343380e+00
0.47559063        	-1.0311345172e+00
0.47643017        	-1.0312378695e+00
0.47727045        	-1.0313441793e+00
0.47811073        	-1.0314529350e+00
0.47895101        	-1.0315641136e+00
0.47979129        	-1.0316771176e+00
0.48063157        	-1.0317910664e+00
0.48147185        	-1.0319050113e+00
0.48231213        	-1.0320177541e+00
0.48315241        	-1.0321289148e+00
0.4839914         	-1.0322379175e+00
0.48482955        	-1.0323440929e+00
0.4856677         	-1.0324470656e+00
0.48650495        	-1.0325467898e+00
0.48734056        	-1.0326435867e+00
0.48817617        	-1.0327379474e+00
0.48901177        	-1.0328293789e+00
0.48984542        	-1.0329178677e+00
0.49067776        	-1.0330038023e+00
0.49151011        	-1.0330870717e+00
0.49234245        	-1.0331673391e+00
0.49317479        	-1.0332446578e+00
0.49400685        	-1.0333190274e+00
0.49483349        	-1.0333894480e+00
0.49566013        	-1.0334564949e+00
0.49648677        	-1.0335197962e+00
0.49731342        	-1.0335788538e+00
0.49814006        	-1.0336338607e+00
0.4989667         	-1.0336843240e+00
0.49979334        	-1.0337294899e+00
0.50061608        	-1.0337697064e+00
0.50143664        	-1.0338055749e+00
0.50225626        	-1.0338373162e+00
0.50307495        	-1.0338653843e+00
0.50389286        	-1.0338905337e+00
0.50471008        	-1.0339130630e+00
0.50552671        	-1.0339328159e+00
0.50634277        	-1.0339503138e+00
0.5071584         	-1.0339658492e+00
0.50797368        	-1.0339794632e+00
0.50878866        	-1.0339917753e+00
0.50960341        	-1.0340030582e+00
0.51041787        	-1.0340134828e+00
0.51123225        	-1.0340232586e+00
0.51204636        	-1.0340325381e+00
0.51286036        	-1.0340411221e+00
0.51367409        	-1.0340487879e+00
0.51448762        	-1.0340553969e+00
0.5153008         	-1.0340604872e+00
0.51611356        	-1.0340637550e+00
0.51692582        	-1.0340651338e+00
0.51773743        	-1.0340639570e+00
0.51854829        	-1.0340598673e+00
0.51935827        	-1.0340526588e+00
0.52016715        	-1.0340413835e+00
0.52097483        	-1.0340250031e+00
0.52178119        	-1.0340030275e+00
0.52258607        	-1.0339747106e+00
0.52338937        	-1.0339395874e+00
0.52419102        	-1.0338975384e+00
0.52499099        	-1.0338484181e+00
0.52578925        	-1.0337920997e+00
0.5265858         	-1.0337288385e+00
0.52738075        	-1.0336588629e+00
0.52817419        	-1.0335824506e+00
0.52896622        	-1.0335000330e+00
0.52975704        	-1.0334124466e+00
0.5305468         	-1.0333204577e+00
0.53133573        	-1.0332249487e+00
0.5321239         	-1.0331269683e+00
0.5329116         	-1.0330274103e+00
0.53369903        	-1.0329270065e+00
0.53448619        	-1.0328265063e+00
0.53527314        	-1.0327263634e+00
0.53606014        	-1.0326267951e+00
0.53684758        	-1.0325279808e+00
0.53763502        	-1.0324300773e+00
0.53842245        	-1.0323330361e+00
0.53921032        	-1.0322367319e+00
0.53999826        	-1.0321410713e+00
0.5407862         	-1.0320460273e+00
0.54157414        	-1.0319514164e+00
0.54236208        	-1.0318568978e+00
0.54315003        	-1.0317621778e+00
0.54393797        	-1.0316669877e+00
0.54472591        	-1.0315711193e+00
0.54551332        	-1.0314743843e+00
0.5463007         	-1.0313765228e+00
0.54708773        	-1.0312774642e+00
0.54787453        	-1.0311771052e+00
0.54866094        	-1.0310754585e+00
0.54944714        	-1.0309724281e+00
0.55023286        	-1.0308679026e+00
0.55101845        	-1.0307618443e+00
0.55180362        	-1.0306542552e+00
0.55258858        	-1.0305452699e+00
0.55337354        	-1.0304350037e+00
0.5541585         	-1.0303240880e+00
0.55494345        	-1.0302126937e+00
0.55572841        	-1.0301014250e+00
0.55651337        	-1.0299906512e+00
0.55729833        	-1.0298804713e+00
0.55808383        	-1.0297712218e+00
0.55886951        	-1.0296633161e+00
0.55965583        	-1.0295570071e+00
0.56044246        	-1.0294529956e+00
0.56122968        	-1.0293512658e+00
0.5620175         	-1.0292519920e+00
0.56280572        	-1.0291546352e+00
0.56359457        	-1.0290593635e+00
0.56438402        	-1.0289663339e+00
0.56517387        	-1.0288754363e+00
0.56596447        	-1.0287865107e+00
0.56675568        	-1.0286996604e+00
0.56754736        	-1.0286151679e+00
0.56833985        	-1.0285333874e+00
0.5691331         	-1.0284544891e+00
0.569927          	-1.0283786148e+00
0.57072164        	-1.0283059995e+00
0.57151725        	-1.0282369713e+00
0.57231375        	-1.0281717519e+00
0.57311112        	-1.0281102820e+00
0.57390925        	-1.0280525176e+00
0.57470836        	-1.0279985056e+00
0.57550848        	-1.0279483247e+00
0.57630912        	-1.0279019269e+00
0.57711085        	-1.0278590270e+00
0.577913          	-1.0278193313e+00
0.57871616        	-1.0277825214e+00
0.57951933        	-1.0277483895e+00
0.58032361        	-1.0277165172e+00
0.58112837        	-1.0276864986e+00
0.58193313        	-1.0276580108e+00
0.58273789        	-1.0276309388e+00
0.58354265        	-1.0276051991e+00
0.58434782        	-1.0275805010e+00
0.58515463        	-1.0275568816e+00
0.58596145        	-1.0275342986e+00
0.58676826        	-1.0275126264e+00
0.58757507        	-1.0274919720e+00
0.58838189        	-1.0274723147e+00
0.5891887         	-1.0274539891e+00
0.58999551        	-1.0274374823e+00
0.59080268        	-1.0274230956e+00
0.59161302        	-1.0274112248e+00
0.59242335        	-1.0274024772e+00
0.59323369        	-1.0273974756e+00
0.59404403        	-1.0273966453e+00
0.59485561        	-1.0274005317e+00
0.59567218        	-1.0274098677e+00
0.59648875        	-1.0274252731e+00
0.59730532        	-1.0274471541e+00
0.59812189        	-1.0274759394e+00
0.59893846        	-1.0275115239e+00
0.59975503        	-1.0275545323e+00
0.60057739        	-1.0276056074e+00
0.60140368        	-1.0276637659e+00
0.60223163        	-1.0277283996e+00
0.60306111        	-1.0277989756e+00
0.60389194        	-1.0278743313e+00
0.60472392        	-1.0279535503e+00
0.60555686        	-1.0280366347e+00
0.60639057        	-1.0281222715e+00
0.60722481        	-1.0282094305e+00
0.60805949        	-1.0282978992e+00
0.60889446        	-1.0283865211e+00
0.60972953        	-1.0284745236e+00
0.61056459        	-1.0285618011e+00
0.61139966        	-1.0286480024e+00
0.61223472        	-1.0287330085e+00
0.61306945        	-1.0288172362e+00
0.61390411        	-1.0289009525e+00
0.61473878        	-1.0289841542e+00
0.61557345        	-1.0290672374e+00
0.61640811        	-1.0291505033e+00
0.61724305        	-1.0292339203e+00
0.61807814        	-1.0293177147e+00
0.6189134         	-1.0294021509e+00
0.61974891        	-1.0294875205e+00
0.62058479        	-1.0295741888e+00
0.62142096        	-1.0296624942e+00
0.62225747        	-1.0297525728e+00
0.62309431        	-1.0298444595e+00
0.62393161        	-1.0299383492e+00
0.62476923        	-1.0300340529e+00
0.62560699        	-1.0301312852e+00
0.62644512        	-1.0302298759e+00
0.62728336        	-1.0303295608e+00
0.62812159        	-1.0304301954e+00
0.62895982        	-1.0305305502e+00
0.62979795        	-1.0306302669e+00
0.63063569        	-1.0307295045e+00
0.63147311        	-1.0308277849e+00
0.63231016        	-1.0309246232e+00
0.63314674        	-1.0310193793e+00
0.63398277        	-1.0311115760e+00
0.63481824        	-1.0312009909e+00
0.63565313        	-1.0312882359e+00
0.63648739        	-1.0313729830e+00
0.637321          	-1.0314549959e+00
0.63815389        	-1.0315345255e+00
0.63898607        	-1.0316115800e+00
0.63981758        	-1.0316859934e+00
0.64064834        	-1.0317574439e+00
0.64147823        	-1.0318255288e+00
0.64230735        	-1.0318902118e+00
0.64313552        	-1.0319515489e+00
0.64396285        	-1.0320093696e+00
0.64478911        	-1.0320632364e+00
0.64561445        	-1.0321130988e+00
0.64643875        	-1.0321589689e+00
0.647262          	-1.0322006992e+00
0.64808433        	-1.0322381620e+00
0.64890555        	-1.0322713059e+00
0.64972592        	-1.0323003313e+00
0.65054531        	-1.0323256556e+00
0.65136386        	-1.0323476512e+00
0.65218165        	-1.0323664599e+00
0.65299874        	-1.0323824368e+00
0.65381526        	-1.0323960501e+00
0.65463125        	-1.0324076113e+00
0.6554466         	-1.0324172807e+00
0.65626178        	-1.0324253154e+00
0.65707627        	-1.0324318848e+00
0.65789076        	-1.0324373044e+00
0.6587047         	-1.0324418261e+00
0.6595184         	-1.0324454430e+00
0.6603321         	-1.0324480131e+00
0.66114505        	-1.0324495051e+00
0.66195792        	-1.0324500099e+00
0.6627703         	-1.0324491854e+00
0.66358229        	-1.0324466291e+00
0.6643936         	-1.0324422845e+00
0.66520439        	-1.0324356270e+00
0.66601444        	-1.0324260298e+00
0.66682357        	-1.0324133660e+00
0.66763172        	-1.0323969259e+00
0.66843875        	-1.0323761839e+00
0.6692446         	-1.0323509067e+00
0.67004923        	-1.0323206377e+00
0.67085257        	-1.0322849326e+00
0.67165448        	-1.0322436379e+00
0.67245485        	-1.0321966830e+00
0.67325389        	-1.0321437700e+00
0.67405156        	-1.0320851084e+00
0.67484788        	-1.0320210207e+00
0.67564289        	-1.0319517014e+00
0.67643666        	-1.0318776714e+00
0.67722942        	-1.0317995714e+00
0.67802144        	-1.0317178912e+00
0.67881232        	-1.0316333092e+00
0.6796029         	-1.0315464670e+00
0.68039317        	-1.0314579415e+00
0.68118218        	-1.0313683843e+00
0.68197119        	-1.0312781837e+00
0.68276019        	-1.0311878612e+00
0.6835492         	-1.0310976809e+00
0.68433821        	-1.0310080438e+00
0.68512721        	-1.0309191418e+00
0.68591622        	-1.0308308137e+00
0.68670523        	-1.0307432052e+00
0.68749424        	-1.0306563036e+00
0.68828324        	-1.0305699387e+00
0.68907225        	-1.0304839491e+00
0.68986126        	-1.0303982329e+00
0.69065026        	-1.0303126518e+00
0.69143927        	-1.0302270270e+00
0.69222828        	-1.0301412425e+00
0.69301729        	-1.0300551371e+00
0.69380629        	-1.0299685497e+00
0.6945953         	-1.0298814346e+00
0.69538431        	-1.0297936808e+00
0.69617332        	-1.0297051558e+00
0.69696232        	-1.0296158398e+00
0.69775133        	-1.0295257564e+00
0.69854034        	-1.0294349752e+00
0.69932934        	-1.0293436438e+00
0.7001183         	-1.0292516063e+00
0.70090694        	-1.0291594624e+00
0.70169558        	-1.0290671872e+00
0.70248423        	-1.0289751323e+00
0.70327293        	-1.0288833080e+00
0.7040619         	-1.0287919608e+00
0.70485111        	-1.0287015150e+00
0.70564063        	-1.0286119617e+00
0.70643053        	-1.0285236434e+00
0.70722089        	-1.0284367233e+00
0.70801168        	-1.0283519054e+00
0.70880296        	-1.0282690828e+00
0.70959478        	-1.0281883248e+00
0.71038715        	-1.0281094584e+00
0.71118006        	-1.0280324424e+00
0.71197359        	-1.0279575956e+00
0.71276771        	-1.0278851315e+00
0.71356245        	-1.0278149333e+00
0.71435785        	-1.0277469959e+00
0.71515394        	-1.0276815071e+00
0.71595075        	-1.0276187728e+00
0.7167483         	-1.0275589467e+00
0.71754665        	-1.0275021655e+00
0.71834583        	-1.0274485112e+00
0.71914585        	-1.0273981907e+00
0.71994673        	-1.0273514116e+00
0.72074848        	-1.0273082150e+00
0.72155109        	-1.0272685190e+00
0.72235457        	-1.0272322564e+00
0.72315889        	-1.0271994342e+00
0.72396404        	-1.0271700137e+00
0.72476993        	-1.0271437791e+00
0.72557652        	-1.0271205193e+00
0.72638382        	-1.0270999424e+00
0.72719171        	-1.0270818939e+00
0.72800013        	-1.0270660511e+00
0.72880903        	-1.0270521388e+00
0.72961838        	-1.0270398189e+00
0.73042811        	-1.0270288730e+00
0.73123812        	-1.0270191829e+00
0.73204852        	-1.0270106939e+00
0.73285923        	-1.0270032713e+00
0.73367016        	-1.0269968823e+00
0.73448153        	-1.0269916149e+00
0.73529323        	-1.0269875832e+00
0.73610532        	-1.0269849582e+00
0.73691787        	-1.0269839039e+00
0.73773099        	-1.0269849381e+00
0.73854473        	-1.0269882598e+00
0.73935919        	-1.0269941152e+00
0.74017451        	-1.0270030042e+00
0.74099076        	-1.0270155737e+00
0.74180807        	-1.0270322254e+00
0.74262655        	-1.0270535105e+00
0.74344627        	-1.0270797824e+00
0.74426732        	-1.0271112530e+00
0.74508979        	-1.0271482690e+00
0.74591369        	-1.0271910720e+00
0.74673902        	-1.0272396103e+00
0.74756584        	-1.0272938843e+00
0.74839405        	-1.0273537525e+00
0.74922357        	-1.0274189132e+00
0.7500543         	-1.0274889362e+00
0.75088622        	-1.0275632954e+00
0.75171904        	-1.0276412629e+00
0.7525527         	-1.0277221725e+00
0.75338705        	-1.0278054033e+00
0.75422185        	-1.0278902237e+00
0.75505722        	-1.0279759979e+00
0.75589258        	-1.0280621714e+00
0.75672795        	-1.0281484305e+00
0.75756332        	-1.0282345238e+00
0.75839869        	-1.0283200702e+00
0.75923406        	-1.0284047910e+00
0.76006942        	-1.0284887982e+00
0.76090479        	-1.0285721951e+00
0.76174016        	-1.0286549984e+00
0.76257553        	-1.0287372782e+00
0.76341089        	-1.0288192515e+00
0.76424626        	-1.0289011425e+00
0.76508163        	-1.0289831705e+00
0.765917          	-1.0290654130e+00
0.76675236        	-1.0291480338e+00
0.76758773        	-1.0292311992e+00
0.7684231         	-1.0293150776e+00
0.76925847        	-1.0293997668e+00
0.77009384        	-1.0294852476e+00
0.7709292         	-1.0295715531e+00
0.77176457        	-1.0296586591e+00
0.77259994        	-1.0297465211e+00
0.77343531        	-1.0298347381e+00
0.77427067        	-1.0299229404e+00
0.77510604        	-1.0300108206e+00
0.77594141        	-1.0300985353e+00
0.77677678        	-1.0301857454e+00
0.77761215        	-1.0302718838e+00
0.77844618        	-1.0303568768e+00
0.77927999        	-1.0304404980e+00
0.78011379        	-1.0305222636e+00
0.78094705        	-1.0306017745e+00
0.78177906        	-1.0306791537e+00
0.78261107        	-1.0307545009e+00
0.78344276        	-1.0308274228e+00
0.7842727         	-1.0308981183e+00
0.78510264        	-1.0309663782e+00
0.78593257        	-1.0310318632e+00
0.78676018        	-1.0310945437e+00
0.78758767        	-1.0311544865e+00
0.78841516        	-1.0312113010e+00
0.78924127        	-1.0312648397e+00
0.79006569        	-1.0313153763e+00
0.79089012        	-1.0313626558e+00
0.79171454        	-1.0314063007e+00
0.79253765        	-1.0314465180e+00
0.79335769        	-1.0314830924e+00
0.79417773        	-1.0315157389e+00
0.79499777        	-1.0315445295e+00
0.7958178         	-1.0315697780e+00
0.79663784        	-1.0315917076e+00
0.79745788        	-1.0316101962e+00
0.79827792        	-1.0316252525e+00
0.79909796        	-1.0316373993e+00
0.799918          	-1.0316469503e+00
0.80073273        	-1.0316541263e+00
0.80154636        	-1.0316590534e+00
0.80235951        	-1.0316620489e+00
0.80317225        	-1.0316635154e+00
0.8039846         	-1.0316639734e+00
0.80479657        	-1.0316633722e+00
0.80560821        	-1.0316608825e+00
0.80641953        	-1.0316572522e+00
0.80723056        	-1.0316528628e+00
0.80804129        	-1.0316475215e+00
0.80885167        	-1.0316410817e+00
0.80966168        	-1.0316332209e+00
0.81047127        	-1.0316237386e+00
0.81128035        	-1.0316126742e+00
0.8120889         	-1.0315997014e+00
0.81289677        	-1.0315842033e+00
0.81370395        	-1.0315657897e+00
0.81451035        	-1.0315443723e+00
0.81531582        	-1.0315196681e+00
0.81612039        	-1.0314912477e+00
0.81692392        	-1.0314588098e+00
0.8177264         	-1.0314219626e+00
0.81852781        	-1.0313807488e+00
0.81932811        	-1.0313351209e+00
0.82012725        	-1.0312849255e+00
0.8209253         	-1.0312301481e+00
0.8217223         	-1.0311710543e+00
0.82251827        	-1.0311079777e+00
0.8233133         	-1.0310412104e+00
0.82410749        	-1.0309710844e+00
0.8249009         	-1.0308979710e+00
0.82569367        	-1.0308223268e+00
0.82648591        	-1.0307446844e+00
0.82727766        	-1.0306655008e+00
0.82806901        	-1.0305851127e+00
0.82886017        	-1.0305038954e+00
0.82965106        	-1.0304223139e+00
0.83044194        	-1.0303406342e+00
0.83123282        	-1.0302591386e+00
0.8320237         	-1.0301780352e+00
0.83281458        	-1.0300972865e+00
0.83360546        	-1.0300171084e+00
0.83439635        	-1.0299375410e+00
0.83518744        	-1.0298584866e+00
0.83597881        	-1.0297797807e+00
0.83677017        	-1.0297015001e+00
0.83756153        	-1.0296235425e+00
0.83835289        	-1.0295457393e+00
0.83914426        	-1.0294680449e+00
0.83993562        	-1.0293903217e+00
0.84072698        	-1.0293125917e+00
0.84151834        	-1.0292347433e+00
0.8423097         	-1.0291566528e+00
0.84310107        	-1.0290783481e+00
0.84389243        	-1.0289997549e+00
0.84468379        	-1.0289210023e+00
0.84547515        	-1.0288421310e+00
0.84626651        	-1.0287631124e+00
0.84705788        	-1.0286842798e+00
0.8478496         	-1.0286057000e+00
0.84864155        	-1.0285274652e+00
0.84943351        	-1.0284496333e+00
0.85022569        	-1.0283723744e+00
0.85101827        	-1.0282958451e+00
0.85181099        	-1.0282205123e+00
0.85260422        	-1.0281460860e+00
0.85339779        	-1.0280728601e+00
0.8541917         	-1.0280009937e+00
0.85498626        	-1.0279310129e+00
0.85578124        	-1.0278629055e+00
0.85657669        	-1.0277966696e+00
0.85737271        	-1.0277322364e+00
0.85816941        	-1.0276696078e+00
0.85896664        	-1.0276091734e+00
0.85976442        	-1.0275511227e+00
0.86056278        	-1.0274952416e+00
0.86136192        	-1.0274415988e+00
0.86216176        	-1.0273904006e+00
0.86296227        	-1.0273418299e+00
0.86376348        	-1.0272960501e+00
0.86456545        	-1.0272530682e+00
0.86536813        	-1.0272130160e+00
0.86617166        	-1.0271760502e+00
0.86697609        	-1.0271423621e+00
0.86778131        	-1.0271119322e+00
0.86858729        	-1.0270846020e+00
0.86939399        	-1.0270603897e+00
0.87020153        	-1.0270393189e+00
0.87100996        	-1.0270213039e+00
0.8718189         	-1.0270061796e+00
0.8726287         	-1.0269937879e+00
0.87343899        	-1.0269839892e+00
0.87425001        	-1.0269765496e+00
0.8750611         	-1.0269712723e+00
0.87587344        	-1.0269678639e+00
0.87668579        	-1.0269660164e+00
0.87749813        	-1.0269655885e+00
0.87831137        	-1.0269665718e+00
0.8791252         	-1.0269688957e+00
0.87993903        	-1.0269722531e+00
0.88075286        	-1.0269767234e+00
0.88156669        	-1.0269822258e+00
0.88238163        	-1.0269888354e+00
0.88319729        	-1.0269970613e+00
0.88401296        	-1.0270070493e+00
0.88482862        	-1.0270186841e+00
0.88564486        	-1.0270323195e+00
0.88646282        	-1.0270483099e+00
0.88728077        	-1.0270671136e+00
0.88809873        	-1.0270889923e+00
0.88891911        	-1.0271142020e+00
0.88973992        	-1.0271428797e+00
0.89056072        	-1.0271756416e+00
0.89138358        	-1.0272130694e+00
0.89220812        	-1.0272547694e+00
0.89303266        	-1.0273007554e+00
0.8938572         	-1.0273514437e+00
0.89468205        	-1.0274064743e+00
0.89551298        	-1.0274659663e+00
0.89634391        	-1.0275297206e+00
0.89717484        	-1.0275972033e+00
0.89800577        	-1.0276677792e+00
0.8988367         	-1.0277409430e+00
0.89966763        	-1.0278165487e+00
0.90049997        	-1.0278946228e+00
0.90133354        	-1.0279742050e+00
0.90216749        	-1.0280547539e+00
0.9030016         	-1.0281358248e+00
0.903836          	-1.0282170236e+00
0.90467039        	-1.0282980519e+00
0.90550479        	-1.0283787537e+00
0.90633918        	-1.0284589544e+00
0.90717358        	-1.0285386092e+00
0.90800771        	-1.0286178676e+00
0.90884173        	-1.0286967301e+00
0.90967574        	-1.0287749178e+00
0.91050976        	-1.0288525359e+00
0.91134347        	-1.0289297775e+00
0.9121771         	-1.0290067383e+00
0.91301073        	-1.0290834832e+00
0.91384436        	-1.0291602376e+00
0.91467799        	-1.0292371517e+00
0.91551162        	-1.0293143494e+00
0.91634525        	-1.0293918798e+00
0.91717888        	-1.0294694718e+00
0.91801217        	-1.0295471570e+00
0.91884538        	-1.0296247618e+00
0.91967859        	-1.0297022118e+00
0.92051163        	-1.0297791657e+00
0.9213444         	-1.0298558391e+00
0.92217696        	-1.0299322003e+00
0.92300929        	-1.0300078013e+00
0.92384117        	-1.0300825802e+00
0.92467269        	-1.0301562185e+00
0.92550382        	-1.0302282518e+00
0.92633453        	-1.0302988563e+00
0.92716477        	-1.0303675530e+00
0.92799452        	-1.0304343461e+00
0.92882371        	-1.0304996293e+00
0.92965236        	-1.0305630229e+00
0.93048034        	-1.0306243399e+00
0.93130773        	-1.0306833999e+00
0.93213453        	-1.0307399603e+00
0.93296062        	-1.0307939981e+00
0.93378599        	-1.0308454012e+00
0.93461073        	-1.0308940419e+00
0.93543463        	-1.0309398812e+00
0.93625786        	-1.0309830370e+00
0.93708023        	-1.0310234469e+00
0.93790185        	-1.0310608379e+00
0.9387226         	-1.0310950713e+00
0.93954258        	-1.0311260324e+00
0.94036165        	-1.0311536506e+00
0.94117995        	-1.0311779349e+00
0.94199738        	-1.0311988633e+00
0.94281403        	-1.0312164988e+00
0.94362992        	-1.0312310510e+00
0.94444499        	-1.0312427477e+00
0.94525934        	-1.0312516909e+00
0.94607302        	-1.0312578752e+00
0.94688609        	-1.0312615836e+00
0.9476986         	-1.0312629160e+00
0.9485106         	-1.0312621563e+00
0.9493221         	-1.0312592890e+00
0.95013307        	-1.0312547268e+00
0.95094385        	-1.0312488432e+00
0.95175403        	-1.0312419020e+00
0.95256417        	-1.0312339624e+00
0.95337365        	-1.0312249494e+00
0.95418314        	-1.0312145410e+00
0.95499209        	-1.0312029342e+00
0.95580085        	-1.0311902475e+00
0.95660921        	-1.0311762996e+00
0.95741723        	-1.0311609500e+00
0.95822475        	-1.0311440313e+00
0.95903201        	-1.0311255692e+00
0.95983846        	-1.0311052176e+00
0.96064443        	-1.0310827255e+00
0.96144982        	-1.0310576046e+00
0.9622545         	-1.0310296281e+00
0.96305845        	-1.0309986289e+00
0.96386153        	-1.0309644704e+00
0.96466375        	-1.0309269254e+00
0.96546512        	-1.0308858868e+00
0.9662656         	-1.0308413640e+00
0.96706523        	-1.0307933951e+00
0.96786398        	-1.0307419690e+00
0.96866189        	-1.0306871438e+00
0.96945909        	-1.0306290046e+00
0.97025546        	-1.0305678049e+00
0.97105103        	-1.0305038928e+00
0.97184633        	-1.0304375375e+00
0.97264051        	-1.0303691038e+00
0.97343469        	-1.0302988508e+00
0.97422833        	-1.0302272463e+00
0.9750213         	-1.0301546328e+00
0.97581428        	-1.0300811988e+00
0.97660725        	-1.0300071833e+00
0.97740023        	-1.0299328003e+00
0.9781932         	-1.0298584826e+00
0.97898618        	-1.0297842793e+00
0.97977915        	-1.0297103077e+00
0.98057213        	-1.0296368421e+00
0.9813651         	-1.0295637530e+00
0.98215807        	-1.0294912555e+00
0.98295105        	-1.0294193106e+00
0.98374402        	-1.0293477857e+00
0.984537          	-1.0292766608e+00
0.98532997        	-1.0292058828e+00
0.98612295        	-1.0291354492e+00
0.98691592        	-1.0290652703e+00
0.9877089         	-1.0289953098e+00
0.98850187        	-1.0289255599e+00
0.98929484        	-1.0288559403e+00
0.99008782        	-1.0287865117e+00
0.99088079        	-1.0287172819e+00
0.99167377        	-1.0286481510e+00
0.99246674        	-1.0285794025e+00
0.99325972        	-1.0285109490e+00
0.99405269        	-1.0284430515e+00
0.99484567        	-1.0283756892e+00
0.99563864        	-1.0283089382e+00
0.99643161        	-1.0282428871e+00
0.99722459        	-1.0281777690e+00
0.99801756        	-1.0281136219e+00
0.99881054        	-1.0280507997e+00
0.99960351        	-1.0279888354e+00
1.0003984         	-1.0279280264e+00
1.0011956         	-1.0278686038e+00
1.0019932         	-1.0278108732e+00
1.0027913         	-1.0277548377e+00
1.0035899         	-1.0277003881e+00
1.004389          	-1.0276473878e+00
1.0051887         	-1.0275963571e+00
1.005989          	-1.0275477509e+00
1.0067898         	-1.0275012502e+00
1.0075913         	-1.0274568058e+00
1.0083933         	-1.0274146453e+00
1.009196          	-1.0273747627e+00
1.0099994         	-1.0273373060e+00
1.0108034         	-1.0273023196e+00
1.0116082         	-1.0272697569e+00
1.0124137         	-1.0272398834e+00
1.0132199         	-1.0272130649e+00
1.0140268         	-1.0271892943e+00
1.0148345         	-1.0271683878e+00
1.0156429         	-1.0271503053e+00
1.0164521         	-1.0271351016e+00
1.017262          	-1.0271226694e+00
1.0180725         	-1.0271129396e+00
1.0188837         	-1.0271057008e+00
1.0196956         	-1.0271009177e+00
1.020508          	-1.0270986187e+00
1.021321          	-1.0270987051e+00
1.0221345         	-1.0271009852e+00
1.0229484         	-1.0271051156e+00
1.0237628         	-1.0271107277e+00
1.0245775         	-1.0271176388e+00
1.0253926         	-1.0271257581e+00
1.026208          	-1.0271350383e+00
1.0270238         	-1.0271456101e+00
1.0278399         	-1.0271574699e+00
1.0286563         	-1.0271705198e+00
1.029473          	-1.0271848903e+00
1.0302901         	-1.0272006291e+00
1.0311076         	-1.0272176713e+00
1.0319255         	-1.0272361979e+00
1.0327439         	-1.0272564519e+00
1.0335628         	-1.0272786337e+00
1.0343823         	-1.0273031577e+00
1.0352025         	-1.0273303305e+00
1.0360234         	-1.0273603060e+00
1.036845          	-1.0273933443e+00
1.0376675         	-1.0274296336e+00
1.0384907         	-1.0274692419e+00
1.0393149         	-1.0275122443e+00
1.0401399         	-1.0275587062e+00
1.0409659         	-1.0276086496e+00
1.0417927         	-1.0276620882e+00
1.0426203         	-1.0277189452e+00
1.0434487         	-1.0277790308e+00
1.0442779         	-1.0278420703e+00
1.0451078         	-1.0279077625e+00
1.0459382         	-1.0279757358e+00
1.0467693         	-1.0280456077e+00
1.0476008         	-1.0281170332e+00
1.0484326         	-1.0281896665e+00
1.0492648         	-1.0282632281e+00
1.0500972         	-1.0283374255e+00
1.0509296         	-1.0284119645e+00
1.051762          	-1.0284865757e+00
1.0525944         	-1.0285609904e+00
1.0534268         	-1.0286350676e+00
1.0542592         	-1.0287087028e+00
1.0550916         	-1.0287816895e+00
1.055924          	-1.0288541219e+00
1.0567565         	-1.0289260024e+00
1.0575886         	-1.0289972962e+00
1.0584202         	-1.0290681923e+00
1.0592518         	-1.0291386623e+00
1.0600834         	-1.0292086963e+00
1.060915          	-1.0292784160e+00
1.0617466         	-1.0293478594e+00
1.0625782         	-1.0294170138e+00
1.0634094         	-1.0294856981e+00
1.06424           	-1.0295541389e+00
1.0650707         	-1.0296223024e+00
1.0659014         	-1.0296900971e+00
1.066732          	-1.0297574956e+00
1.0675623         	-1.0298242147e+00
1.0683919         	-1.0298900934e+00
1.0692215         	-1.0299550121e+00
1.0700511         	-1.0300190264e+00
1.0708797         	-1.0300817447e+00
1.0717081         	-1.0301432616e+00
1.0725366         	-1.0302033937e+00
1.0733638         	-1.0302619168e+00
1.0741911         	-1.0303189258e+00
1.0750181         	-1.0303744519e+00
1.0758439         	-1.0304282652e+00
1.0766698         	-1.0304801351e+00
1.0774949         	-1.0305300966e+00
1.0783192         	-1.0305776925e+00
1.0791436         	-1.0306231367e+00
1.0799665         	-1.0306663672e+00
1.0807892         	-1.0307072076e+00
1.0816116         	-1.0307457276e+00
1.0824325         	-1.0307817572e+00
1.0832534         	-1.0308153469e+00
1.0840735         	-1.0308463182e+00
1.0848923         	-1.0308743835e+00
1.0857112         	-1.0308996998e+00
1.0865293         	-1.0309220500e+00
1.0873457         	-1.0309414267e+00
1.0881621         	-1.0309581264e+00
1.0889785         	-1.0309718396e+00
1.0897932         	-1.0309826386e+00
1.0906065         	-1.0309910124e+00
1.0914198         	-1.0309966917e+00
1.0922331         	-1.0309995189e+00
1.0930464         	-1.0309999946e+00
1.0938597         	-1.0309982018e+00
1.0946729         	-1.0309938857e+00
1.0954862         	-1.0309876643e+00
1.0962995         	-1.0309799797e+00
1.0971128         	-1.0309707395e+00
1.0979261         	-1.0309600588e+00
1.0987394         	-1.0309479652e+00
1.0995527         	-1.0309344557e+00
1.1003637         	-1.0309198856e+00
1.1011718         	-1.0309043942e+00
1.1019795         	-1.0308877090e+00
1.102787          	-1.0308698745e+00
1.1035941         	-1.0308512372e+00
1.104401          	-1.0308318384e+00
1.1052074         	-1.0308108790e+00
1.1060135         	-1.0307881243e+00
1.1068191         	-1.0307636745e+00
1.1076243         	-1.0307373799e+00
1.1084289         	-1.0307091195e+00
1.109233          	-1.0306786664e+00
1.1100365         	-1.0306458086e+00
1.1108393         	-1.0306105446e+00
1.1116416         	-1.0305729141e+00
1.1124431         	-1.0305326376e+00
1.113244          	-1.0304893651e+00
1.1140441         	-1.0304431593e+00
1.1148436         	-1.0303942351e+00
1.1156424         	-1.0303426576e+00
1.1164406         	-1.0302885607e+00
1.1172381         	-1.0302320995e+00
1.1180352         	-1.0301734790e+00
1.1188317         	-1.0301130396e+00
1.1196278         	-1.0300510009e+00
1.1204234         	-1.0299874458e+00
1.1212188         	-1.0299224996e+00
1.1220138         	-1.0298565264e+00
1.1228088         	-1.0297898487e+00
1.1236034         	-1.0297226697e+00
1.1243979         	-1.0296552170e+00
1.1251925         	-1.0295877086e+00
1.125987          	-1.0295203028e+00
1.1267816         	-1.0294532167e+00
1.1275762         	-1.0293865025e+00
1.1283707         	-1.0293201234e+00
1.1291653         	-1.0292540931e+00
1.1299603         	-1.0291884851e+00
1.1307553         	-1.0291234103e+00
1.1315503         	-1.0290588798e+00
1.1323453         	-1.0289948356e+00
1.1331407         	-1.0289312554e+00
1.1339362         	-1.0288681573e+00
1.1347317         	-1.0288055779e+00
1.1355272         	-1.0287434143e+00
1.1363232         	-1.0286815359e+00
1.1371192         	-1.0286199732e+00
1.1379151         	-1.0285589420e+00
1.1387115         	-1.0284983821e+00
1.139508          	-1.0284383593e+00
1.1403046         	-1.0283789740e+00
1.1411016         	-1.0283203705e+00
1.1418986         	-1.0282625455e+00
1.1426961         	-1.0282055296e+00
1.1434937         	-1.0281494604e+00
1.1442918         	-1.0280943923e+00
1.1450901         	-1.0280404067e+00
1.1458888         	-1.0279875342e+00
1.1466879         	-1.0279357989e+00
1.1474874         	-1.0278854357e+00
1.1482873         	-1.0278367039e+00
1.1490877         	-1.0277894462e+00
1.1498886         	-1.0277439933e+00
1.1506899         	-1.0276999839e+00
1.1514917         	-1.0276576400e+00
1.1522941         	-1.0276170779e+00
1.153097          	-1.0275784678e+00
1.1539005         	-1.0275418458e+00
1.1547044         	-1.0275073163e+00
1.155509          	-1.0274749791e+00
1.1563142         	-1.0274447829e+00
1.1571201         	-1.0274167924e+00
1.1579266         	-1.0273911003e+00
1.1587337         	-1.0273677183e+00
1.1595414         	-1.0273468159e+00
1.1603497         	-1.0273285451e+00
1.1611589         	-1.0273128948e+00
1.1619688         	-1.0272999045e+00
1.1627792         	-1.0272895597e+00
1.1635901         	-1.0272817283e+00
1.164402          	-1.0272762679e+00
1.1652143         	-1.0272732629e+00
1.1660271         	-1.0272726310e+00
1.1668408         	-1.0272743347e+00
1.1676547         	-1.0272783802e+00
1.1684694         	-1.0272843578e+00
1.1692842         	-1.0272920132e+00
1.1700998         	-1.0273013358e+00
1.1709157         	-1.0273122822e+00
1.1717315         	-1.0273247561e+00
1.1725483         	-1.0273385483e+00
1.1733653         	-1.0273534984e+00
1.1741824         	-1.0273695082e+00
1.1749994         	-1.0273867609e+00
1.1758173         	-1.0274051595e+00
1.1766357         	-1.0274245243e+00
1.1774541         	-1.0274450768e+00
1.1782724         	-1.0274669588e+00
1.1790913         	-1.0274902491e+00
1.1799113         	-1.0275150482e+00
1.1807312         	-1.0275416531e+00
1.1815512         	-1.0275701561e+00
1.1823723         	-1.0276006845e+00
1.1831941         	-1.0276334076e+00
1.1840159         	-1.0276685366e+00
1.1848384         	-1.0277062515e+00
1.1856624         	-1.0277465709e+00
1.1864864         	-1.0277894908e+00
1.1873104         	-1.0278352669e+00
1.1881362         	-1.0278838771e+00
1.1889629         	-1.0279350258e+00
1.1897897         	-1.0279887725e+00
1.1906164         	-1.0280450278e+00
1.1914432         	-1.0281032862e+00
1.1922699         	-1.0281633997e+00
1.1930967         	-1.0282254716e+00
1.1939263         	-1.0282893104e+00
1.1947583         	-1.0283545362e+00
1.1955903         	-1.0284207925e+00
1.1964223         	-1.0284876881e+00
1.1972544         	-1.0285547907e+00
1.1980864         	-1.0286219119e+00
1.1989184         	-1.0286894493e+00
1.1997504         	-1.0287569486e+00
