# Region type :   sampledSurface planeZ4
# Faces           : 988
# Area            : 8.2953449955e-02
# Scale factor    : 1.0000000000e+00
# Time            	areaAverage(H2)
0.0022358089      	0.0000000000e+00
0.015527971       	0.0000000000e+00
0.019693522       	6.8989827584e-240
0.022045484       	3.3642772295e-204
0.024186246       	2.0954636602e-181
0.026558752       	1.5708309388e-159
0.029169119       	1.1792607071e-142
0.031745672       	1.5834630093e-131
0.034244918       	1.2505150657e-123
0.036713367       	4.2181028023e-117
0.039185376       	6.7502107784e-111
0.04170364        	8.7620349635e-105
0.04442218        	1.9675261195e-98
0.048075471       	2.4094339299e-89
0.054543308       	1.4033848129e-71
0.061244913       	2.6459745880e-60
0.068281144       	1.3304391506e-50
0.07331125        	3.9340687606e-45
0.076742118       	5.7572874147e-42
0.079728037       	2.3513944084e-39
0.082501526       	5.3906077984e-37
0.085064387       	7.1857398092e-35
0.087441537       	5.8869014362e-33
0.089748402       	3.7631599075e-31
0.092171667       	2.6788327804e-29
0.094928063       	2.9873473544e-27
0.09806981        	4.6404793914e-25
0.10147702        	5.7476960852e-23
0.10562124        	7.2632902294e-21
0.11035133        	5.6710201000e-19
0.11550021        	2.2281399753e-17
0.12069832        	4.1667230090e-16
0.12485947        	2.8619583988e-15
0.12822924        	9.2151227173e-15
0.13123858        	2.2164396945e-14
0.13416336        	4.5274006982e-14
0.13752629        	8.7812425648e-14
0.14164594        	1.6239967322e-13
0.14620537        	3.0764829194e-13
0.15052302        	6.2962581443e-13
0.15469468        	1.9228231461e-12
0.15884774        	1.0309217800e-11
0.16250405        	5.2627646386e-11
0.1655988         	1.9132370257e-10
0.16839322        	5.4465421005e-10
0.17121593        	1.4017349731e-09
0.17455489        	3.8263348406e-09
0.17957469        	1.4408881915e-08
0.18544243        	5.5434049439e-08
0.18946828        	1.4455749367e-07
0.19260383        	3.0669403658e-07
0.19550796        	6.2367201831e-07
0.19846572        	1.2906386039e-06
0.20163256        	2.7844012880e-06
0.2050676         	6.2170481476e-06
0.20852625        	1.3324752413e-05
0.21182998        	2.6542336398e-05
0.21506869        	5.1300816119e-05
0.21839116        	1.0158906260e-04
0.22180701        	2.1011228718e-04
0.22509996        	4.2957660591e-04
0.22806391        	8.0826868441e-04
0.23072215        	1.3879921162e-03
0.23320453        	2.2134844367e-03
0.23563409        	3.3492725032e-03
0.23809274        	4.9009500747e-03
0.24064078        	7.0272577603e-03
0.24331244        	9.9129821777e-03
0.24610615        	1.3620077909e-02
0.24897426        	1.7874470841e-02
0.25184353        	2.2112116304e-02
0.25468391        	2.5832937469e-02
0.25748199        	2.8905051354e-02
0.2602108         	3.1502404756e-02
0.2628525         	3.3940865075e-02
0.26539736        	3.6520015284e-02
0.2678591         	3.9459204883e-02
0.27027786        	4.2881567683e-02
0.27272264        	4.6832634772e-02
0.27528775        	5.1329831204e-02
0.2781117         	5.6403159116e-02
0.28131343        	6.1877254921e-02
0.28485995        	6.7161873450e-02
0.28838518        	7.1313721489e-02
0.2915943         	7.3971229188e-02
0.29455589        	7.5379971276e-02
0.29742121        	7.5753215840e-02
0.30030075        	7.5223422013e-02
0.30345027        	7.3832230513e-02
0.30693362        	7.1680841609e-02
0.31078374        	6.8974687953e-02
0.31496746        	6.5982127722e-02
0.31944312        	6.2883448325e-02
0.32399801        	5.9845266893e-02
0.32821234        	5.7130737250e-02
0.33187209        	5.4904404287e-02
0.335228          	5.3043164305e-02
0.33867088        	5.1354185700e-02
0.34263605        	4.9702887042e-02
0.34725219        	4.8230712703e-02
0.35206344        	4.7414205334e-02
0.35633348        	4.7631015915e-02
0.36003279        	4.8838256452e-02
0.36340358        	5.0856622237e-02
0.36659986        	5.3350693926e-02
0.36973806        	5.5886750714e-02
0.37291498        	5.8057505643e-02
0.37620319        	5.9538963140e-02
0.37959858        	6.0117765871e-02
0.38299965        	5.9749941876e-02
0.38624918        	5.8607442450e-02
0.38925891        	5.7023206953e-02
0.39204331        	5.5340955430e-02
0.39467642        	5.3871930391e-02
0.39722746        	5.2961984205e-02
0.39974795        	5.3033198313e-02
0.40230144        	5.4563300721e-02
0.40489958        	5.7967158986e-02
0.40755121        	6.3532002471e-02
0.41026212        	7.1570305603e-02
0.4130285         	8.2481221463e-02
0.415831          	9.6300559776e-02
0.41863655        	1.1196524832e-01
0.4214071         	1.2731027472e-01
0.42411274        	1.4029128671e-01
0.42674725        	1.5005666985e-01
0.42933027        	1.5672241999e-01
0.43190297        	1.6071309201e-01
0.43451998        	1.6242352449e-01
0.43724974        	1.6215115468e-01
0.44016712        	1.6008592727e-01
0.44333538        	1.5635025621e-01
0.44675143        	1.5112019950e-01
0.45028338        	1.4483981481e-01
0.45375776        	1.3814156060e-01
0.45710582        	1.3149101295e-01
0.46039243        	1.2500559102e-01
0.46366376        	1.1876136868e-01
0.46707491        	1.1260515643e-01
0.47081551        	1.0634655321e-01
0.47503826        	9.9877570385e-02
0.47962747        	9.3386698023e-02
0.48403634        	8.7438484248e-02
0.48809181        	8.2026490348e-02
0.49191542        	7.6924080290e-02
0.49567569        	7.1974377254e-02
0.49943596        	6.7206641781e-02
0.50337786        	6.2471765942e-02
0.50738904        	5.7970265340e-02
0.511306          	5.3943043071e-02
0.51501937        	5.0616638504e-02
0.51848663        	4.8222150680e-02
0.52173933        	4.6948299854e-02
0.52483712        	4.6932162701e-02
0.52784454        	4.8198647724e-02
0.53081718        	5.0563786664e-02
0.53379805        	5.3555731167e-02
0.53679296        	5.6425479391e-02
0.53977843        	5.8412808379e-02
0.54270666        	5.9210746994e-02
0.5455361         	5.9103149828e-02
0.54825638        	5.8627539647e-02
0.55088685        	5.8341811612e-02
0.55346062        	5.8827143390e-02
0.55601206        	6.0748641504e-02
0.5585701         	6.4853560035e-02
0.5611587         	7.1885539285e-02
0.56379037        	8.2370313909e-02
0.56647027        	9.6285100654e-02
0.56919409        	1.1267954607e-01
0.57195113        	1.2963689559e-01
0.57472762        	1.4492856648e-01
0.57751369        	1.5699685800e-01
0.58030702        	1.6536661764e-01
0.58312597        	1.7037239316e-01
0.58598668        	1.7261824699e-01
0.58892537        	1.7269121699e-01
0.59196954        	1.7104777129e-01
0.5951645         	1.6802399745e-01
0.59849933        	1.6392438534e-01
0.60199764        	1.5895257095e-01
0.6057417         	1.5313083318e-01
0.60953807        	1.4686613552e-01
0.61324852        	1.4051578520e-01
0.61691476        	1.3411341412e-01
0.62064779        	1.2754323179e-01
0.6245849         	1.2062699928e-01
0.62884641        	1.1318330276e-01
0.63329432        	1.0544462093e-01
0.63762157        	9.7894504070e-02
0.64169046        	9.0719736429e-02
0.64552343        	8.3890380826e-02
0.64922412        	7.7289580148e-02
0.65287015        	7.0861485269e-02
0.65648756        	6.4652386965e-02
0.66005999        	5.8817051347e-02
0.66353919        	5.3626961839e-02
0.66688566        	4.9434934698e-02
0.67009424        	4.6640614515e-02
0.67317487        	4.5640728149e-02
0.67614399        	4.6653939228e-02
0.67902465        	4.9506760908e-02
0.68184097        	5.3532950349e-02
0.68461902        	5.7734528189e-02
0.68737321        	6.1209420182e-02
0.69011817        	6.3664460536e-02
0.69286312        	6.5415998827e-02
0.69560807        	6.7112817787e-02
0.69835303        	6.9668577908e-02
0.70106737        	7.4210625330e-02
0.70371305        	8.1777410021e-02
0.70633321        	9.3102567090e-02
0.70894285        	1.0787563025e-01
0.71156083        	1.2452508828e-01
0.71420638        	1.4078017945e-01
0.71690218        	1.5472523885e-01
0.71966695        	1.6531426976e-01
0.72251387        	1.7230902246e-01
0.72544917        	1.7598698620e-01
0.72846903        	1.7685445422e-01
0.73155919        	1.7547317043e-01
0.73470774        	1.7237425390e-01
0.7379018         	1.6803270334e-01
0.74116816        	1.6280829866e-01
0.7445607         	1.5694093510e-01
0.74813783        	1.5060046845e-01
0.75193897        	1.4393305750e-01
0.75593565        	1.3711819687e-01
0.76001221        	1.3037618420e-01
0.76407209        	1.2380121422e-01
0.76809048        	1.1734766790e-01
0.77210713        	1.1089914350e-01
0.77618276        	1.0434979830e-01
0.78028918        	9.7758130436e-02
0.78438546        	9.1182889880e-02
0.78839987        	8.4713941371e-02
0.79226675        	7.8443130481e-02
0.79596571        	7.2433059955e-02
0.79947738        	6.6789280236e-02
0.80288058        	6.1514820185e-02
0.80618367        	5.6795559683e-02
0.80941903        	5.2871829739e-02
0.81259509        	5.0096348729e-02
0.81570475        	4.8816257343e-02
0.81873636        	4.9171366340e-02
0.82168065        	5.0935341147e-02
0.8245395         	5.3546517582e-02
0.82732425        	5.6328447043e-02
0.83005183        	5.8785143991e-02
0.83274095        	6.0854674741e-02
0.83540989        	6.2923420109e-02
0.8380734         	6.5659714468e-02
0.84074041        	6.9929594040e-02
0.84341463        	7.6740785682e-02
0.8460964         	8.7001122405e-02
0.84877817        	1.0094671623e-01
0.85146177        	1.1762378070e-01
0.85415087        	1.3492016324e-01
0.856852          	1.5053317469e-01
0.85957943        	1.6300049194e-01
0.86235248        	1.7187651891e-01
0.86518955        	1.7734252531e-01
0.86810895        	1.7982743435e-01
0.87112149        	1.7979287838e-01
0.87423269        	1.7768183010e-01
0.87743883        	1.7391679500e-01
0.88074479        	1.6888085117e-01
0.88415632        	1.6291656451e-01
0.88768369        	1.5631662471e-01
0.89133144        	1.4933473249e-01
0.89509311        	1.4219296940e-01
0.89886764        	1.3522449392e-01
0.90278436        	1.2827141870e-01
0.90683954        	1.2135259696e-01
0.91095972        	1.1455141445e-01
0.91510112        	1.0786545742e-01
0.91920394        	1.0131638364e-01
0.92321909        	9.4923330925e-02
0.9271576         	8.8621449937e-02
0.93102393        	8.2380582459e-02
0.9348017         	7.6252269092e-02
0.9384699         	7.0350985546e-02
0.9420134         	6.4846861149e-02
0.94542301        	5.9987675835e-02
0.94871594        	5.6082259594e-02
0.951909          	5.3517981124e-02
0.95501647        	5.2668155338e-02
0.95805011        	5.3695950359e-02
0.96101516        	5.6320818303e-02
0.96391896        	5.9756268782e-02
0.96676724        	6.2967781033e-02
0.96956582        	6.5207132368e-02
0.9723226         	6.6423917929e-02
0.97504561        	6.7099044134e-02
0.97774076        	6.7905529613e-02
0.98041568        	6.9627460143e-02
0.98308021        	7.3193711637e-02
0.98574474        	7.9618217107e-02
0.98840928        	8.9680209218e-02
0.99107381        	1.0339979989e-01
0.99376214        	1.1974771023e-01
0.99647425        	1.3659366431e-01
0.99918637        	1.5162178149e-01
1.0019658         	1.6376402089e-01
1.0048227         	1.7245174913e-01
1.007745          	1.7769537579e-01
1.0107384         	1.7989787527e-01
1.0138024         	1.7955239997e-01
1.0169398         	1.7715468511e-01
1.0201638         	1.7315419655e-01
1.023497          	1.6793486266e-01
1.026963          	1.6182883896e-01
1.0305787         	1.5513088909e-01
1.0343441         	1.4810331461e-01
1.0382373         	1.4097691967e-01
1.0421906         	1.3397629114e-01
1.0461367         	1.2723497100e-01
1.0501033         	1.2066613300e-01
1.0541201         	1.1415952861e-01
1.0582171         	1.0759986174e-01
1.0623235         	1.0103227634e-01
1.0663538         	9.4535675085e-02
1.070279          	8.8115809487e-02
1.0740859         	8.1789407449e-02
1.0777656         	7.5609601810e-02
1.081326          	6.9646222862e-02
1.0847714         	6.4043001170e-02
1.0881132         	5.9028613521e-02
1.0913656         	5.4934194813e-02
1.0945338         	5.2173300849e-02
1.0976573         	5.1108414374e-02
1.1007454         	5.1926264115e-02
1.1036793         	5.4250935451e-02
1.1065462         	5.7354551778e-02
1.1093569         	6.0339232400e-02
1.1121209         	6.2583748819e-02
1.1148516         	6.4087677276e-02
1.1175594         	6.5378047554e-02
1.1202502         	6.7226688308e-02
1.1229319         	7.0552170704e-02
1.1256093         	7.6368140308e-02
1.1282852         	8.5558501465e-02
1.1309657         	9.8427540034e-02
1.1336564         	1.1419186814e-01
1.1363642         	1.3098387538e-01
1.1390973         	1.4665161196e-01
1.1418692         	1.5965608565e-01
1.144692          	1.6928108503e-01
1.1475786         	1.7546020533e-01
1.1505408         	1.7849167591e-01
1.1535874         	1.7881508022e-01
1.1567149         	1.7691254967e-01
1.1599267         	1.7326545102e-01
1.163232          	1.6831090272e-01
1.1666441         	1.6243221714e-01
1.1701794         	1.5595468833e-01
1.1738563         	1.4913841091e-01
1.1776753         	1.4220589874e-01
1.1816114         	1.3533885067e-01
1.185566          	1.2874461873e-01
1.1895205         	1.2240222378e-01
1.193475          	1.1621498204e-01
1.1974296         	1.1008287898e-01
