# Region type :   patch outlet
# Faces           : 387
# Area            : 8.2961617386e-02
# Scale factor    : 1.0000000000e+00
# Time            	sum(phi)
0.0022270965      	1.9172070544e+01
0.0096097579      	1.9161764768e+01
0.013010141       	1.9157153251e+01
0.015529156       	1.9153865306e+01
0.018148069       	1.9150912873e+01
0.020857049       	1.9150454445e+01
0.02347722        	1.9165170476e+01
0.026041769       	1.9245002429e+01
0.028605501       	1.9492144258e+01
0.031064934       	1.9978319192e+01
0.033272514       	2.0891255038e+01
0.035314692       	2.2999360794e+01
0.037336227       	2.7582074120e+01
0.039372081       	3.5152291142e+01
0.041394097       	4.3643338061e+01
0.043402323       	4.9441591210e+01
0.045418211       	5.1042869750e+01
0.047440984       	5.0527254753e+01
0.049404863       	5.0311451902e+01
0.051270606       	5.0555938647e+01
0.053080282       	5.0816632703e+01
0.05487189        	5.1143585809e+01
0.056648489       	5.1626516364e+01
0.058411791       	5.2183750346e+01
0.060178796       	5.2720924459e+01
0.061961981       	5.3199793537e+01
0.063737396       	5.3610838629e+01
0.06546678        	5.3914748932e+01
0.067149859       	5.4056208659e+01
0.068799377       	5.4040462280e+01
0.070418288       	5.3952193443e+01
0.07201351        	5.3892193812e+01
0.073605298       	5.3915024233e+01
0.075207256       	5.4011182179e+01
0.076810873       	5.4126268457e+01
0.078401693       	5.4221752321e+01
0.079973704       	5.4317820090e+01
0.081525887       	5.4454150371e+01
0.08305684        	5.4625299131e+01
0.084573195       	5.4777467060e+01
0.086091001       	5.4859644740e+01
0.08761111        	5.4871519848e+01
0.08913122        	5.4864494123e+01
0.090640976       	5.4886565527e+01
0.092133166       	5.4944134987e+01
0.093607826       	5.5025199578e+01
0.095066271       	5.5126845340e+01
0.096517367       	5.5248330997e+01
0.097968464       	5.5382444320e+01
0.099419561       	5.5525522297e+01
0.10086877        	5.5678579373e+01
0.10230429        	5.5826301858e+01
0.10372716        	5.5932693709e+01
0.10514173        	5.5961349662e+01
0.1065501         	5.5889901839e+01
0.1079494         	5.5691256500e+01
0.1093265         	5.5310335866e+01
0.11066394        	5.4678064974e+01
0.11195448        	5.3736539984e+01
0.11319772        	5.2443658793e+01
0.11438549        	5.0786008780e+01
0.11550788        	4.8792777808e+01
0.11655434        	4.6551151803e+01
0.11751382        	4.4201343715e+01
0.11839213        	4.1861016303e+01
0.11920705        	3.9597525514e+01
0.11997595        	3.7452012112e+01
0.12071176        	3.5457413832e+01
0.12142366        	3.3642854662e+01
0.12211744        	3.2035204288e+01
0.12279585        	3.0657087324e+01
0.12345995        	2.9521458017e+01
0.12411069        	2.8627300412e+01
0.12474941        	2.7960313443e+01
0.12537756        	2.7495867684e+01
0.12599666        	2.7202088411e+01
0.12660865        	2.7043140823e+01
0.12721581        	2.6982695656e+01
0.12782027        	2.6986736879e+01
0.1284235         	2.7025466196e+01
0.1290265         	2.7074692873e+01
0.12962963        	2.7116664206e+01
0.1302331         	2.7140244575e+01
0.13083662        	2.7140299899e+01
0.13143976        	2.7116547829e+01
0.13204176        	2.7072045318e+01
0.13264225        	2.7011491194e+01
0.13324123        	2.6939678844e+01
0.13383893        	2.6860370405e+01
0.13443587        	2.6775725795e+01
0.13503282        	2.6686420819e+01
0.13563073        	2.6592430376e+01
0.13623037        	2.6494321804e+01
0.13683211        	2.6394618984e+01
0.13743596        	2.6298774430e+01
0.13804175        	2.6215230538e+01
0.13864917        	2.6154386154e+01
0.13925774        	2.6126609383e+01
0.13986691        	2.6139986836e+01
0.14047644        	2.6198914228e+01
0.14108623        	2.6304258005e+01
0.14169673        	2.6454758127e+01
0.14230845        	2.6647791020e+01
0.14292208        	2.6878164406e+01
0.1435384         	2.7135868337e+01
0.14415801        	2.7405724398e+01
0.14478124        	2.7670773812e+01
0.14540791        	2.7917271758e+01
0.14603771        	2.8138010022e+01
0.14667028        	2.8332489472e+01
0.14730514        	2.8505356587e+01
0.14794187        	2.8664720213e+01
0.14858019        	2.8820480449e+01
0.1492202         	2.8982056894e+01
0.14986238        	2.9155455936e+01
0.15050729        	2.9341008967e+01
0.15115545        	2.9533227576e+01
0.15180719        	2.9722361243e+01
0.15246262        	2.9896581765e+01
0.15312143        	3.0044586770e+01
0.15378298        	3.0158795428e+01
0.15444654        	3.0237891414e+01
0.15511149        	3.0286984692e+01
0.15577729        	3.0315445920e+01
0.15644368        	3.0334075121e+01
0.15711093        	3.0352783262e+01
0.15777953        	3.0378989405e+01
0.15845013        	3.0416781638e+01
0.1591232         	3.0466970867e+01
0.159799          	3.0528044575e+01
0.16047756        	3.0597783060e+01
0.16115846        	3.0675187417e+01
0.16184106        	3.0762355814e+01
0.16252471        	3.0865499586e+01
0.163209          	3.0994356983e+01
0.16389358        	3.1159868866e+01
0.16457878        	3.1371342750e+01
0.16526494        	3.1633690328e+01
0.16595274        	3.1945871063e+01
0.16664276        	3.2300291434e+01
0.16733523        	3.2683067746e+01
0.1680302         	3.3075008609e+01
0.1687274         	3.3452950599e+01
0.16942615        	3.3793036633e+01
0.17012595        	3.4076556172e+01
0.17082639        	3.4295166242e+01
0.17152727        	3.4452376894e+01
0.17222865        	3.4560359861e+01
0.17293106        	3.4634400130e+01
0.17363485        	3.4688052866e+01
0.17434051        	3.4730354640e+01
0.17504818        	3.4764658038e+01
0.1757576         	3.4789062810e+01
0.17646837        	3.4798362176e+01
0.17717989        	3.4786939816e+01
0.17789168        	3.4751602005e+01
0.17860256        	3.4693539271e+01
0.17931344        	3.4618575046e+01
0.18002369        	3.4536375138e+01
0.18073416        	3.4457931678e+01
0.18144508        	3.4393195298e+01
0.18215703        	3.4349018791e+01
0.18287012        	3.4328577300e+01
0.18358402        	3.4332147813e+01
0.18429932        	3.4359039481e+01
0.18501461        	3.4409820820e+01
0.1857299         	3.4488503415e+01
0.18644519        	3.4603875520e+01
0.18716049        	3.4769604955e+01
0.18787578        	3.5003007439e+01
0.18859107        	3.5322913748e+01
0.18930786        	3.5748488083e+01
0.19002546        	3.6295791576e+01
0.19074426        	3.6978759001e+01
0.19146455        	3.7808785944e+01
0.19218484        	3.8792852817e+01
0.19290514        	3.9937071039e+01
0.19362543        	4.1244340262e+01
0.19434572        	4.2712069568e+01
0.19506601        	4.4328980073e+01
0.1957863         	4.6071828142e+01
0.19650659        	4.7903282322e+01
0.19722688        	4.9772218635e+01
0.19794717        	5.1617184163e+01
0.19866746        	5.3372769643e+01
0.19938775        	5.4977626993e+01
0.20010846        	5.6382923751e+01
0.20083175        	5.7559275515e+01
0.20155508        	5.8489179194e+01
0.20227846        	5.9179932853e+01
0.20300213        	5.9654944131e+01
0.20372631        	5.9948127890e+01
0.20445132        	6.0098497587e+01
0.2051773         	6.0145302804e+01
0.20590438        	6.0124477994e+01
0.20663249        	6.0066148536e+01
0.20736141        	5.9993434589e+01
0.20809096        	5.9922476196e+01
0.20882092        	5.9863376707e+01
0.20955129        	5.9821458687e+01
0.21028204        	5.9798502785e+01
0.21101338        	5.9793593357e+01
0.21174546        	5.9803586707e+01
0.21247843        	5.9823321238e+01
0.21321233        	5.9845763498e+01
0.21394707        	5.9862247610e+01
0.21468243        	5.9862963736e+01
0.21541815        	5.9837843107e+01
0.21615395        	5.9777812299e+01
0.21688944        	5.9676171120e+01
0.21762465        	5.9529576071e+01
0.21835946        	5.9338569805e+01
0.2190939         	5.9107314073e+01
0.21982799        	5.8842953201e+01
0.22056166        	5.8554749090e+01
0.22129477        	5.8253110006e+01
0.22202712        	5.7948501404e+01
0.22275845        	5.7650217043e+01
0.22348854        	5.7365177934e+01
0.22421725        	5.7097070439e+01
0.22494458        	5.6846195056e+01
0.22567063        	5.6610163101e+01
0.22639563        	5.6385242133e+01
0.22711985        	5.6168007124e+01
0.22784352        	5.5956732052e+01
0.22856689        	5.5752123034e+01
0.22929026        	5.5557291671e+01
0.23001364        	5.5377059228e+01
0.23073703        	5.5216542039e+01
0.23146078        	5.5079581119e+01
0.23218487        	5.4967631153e+01
0.23290955        	5.4879012732e+01
0.23363493        	5.4809149424e+01
0.23436115        	5.4751411746e+01
0.23508837        	5.4698350240e+01
0.23581657        	5.4642897323e+01
0.23654581        	5.4579142653e+01
0.2372759         	5.4502593458e+01
0.23800674        	5.4409839615e+01
0.23873814        	5.4297917197e+01
0.23947004        	5.4163618287e+01
0.24020236        	5.4003173253e+01
0.24093502        	5.3812489356e+01
0.24166802        	5.3587976465e+01
0.24240136        	5.3327823424e+01
0.2431351         	5.3033258610e+01
0.24386913        	5.2709530089e+01
0.24460335        	5.2366006116e+01
0.24533756        	5.2015467067e+01
0.24607178        	5.1672349873e+01
0.2468055         	5.1350842021e+01
0.24753919        	5.1061918708e+01
0.24827239        	5.0812349662e+01
0.2490056         	5.0603209453e+01
0.2497387         	5.0430969233e+01
0.25047137        	5.0289003301e+01
0.25120458        	5.0169700904e+01
0.2519378         	5.0067145646e+01
0.25267101        	4.9978047183e+01
0.25340479        	4.9901949004e+01
0.25413887        	4.9840459399e+01
0.25487347        	4.9795526857e+01
0.25560876        	4.9767889909e+01
0.25634497        	4.9755930944e+01
0.25708214        	4.9755311956e+01
0.25782048        	4.9759411027e+01
0.25855999        	4.9760360129e+01
0.25930062        	4.9750278310e+01
0.26004234        	4.9722220549e+01
0.26078508        	4.9670450009e+01
0.26152874        	4.9589958706e+01
0.26227319        	4.9475407416e+01
0.26301842        	4.9319881797e+01
0.26376443        	4.9113966921e+01
0.26451125        	4.8845489093e+01
0.26525894        	4.8500000502e+01
0.26600751        	4.8061926225e+01
0.26675707        	4.7515947063e+01
0.26750765        	4.6848530329e+01
0.26825923        	4.6049117072e+01
0.26901178        	4.5110948699e+01
0.26976539        	4.4031550931e+01
0.27052013        	4.2813386562e+01
0.27127627        	4.1464152654e+01
0.27203366        	3.9998655505e+01
0.27279233        	3.8438380683e+01
0.2735526         	3.6811461717e+01
0.27431423        	3.5153935456e+01
0.27507716        	3.3506959046e+01
0.27584138        	3.1914584083e+01
0.27660675        	3.0420823213e+01
0.27737319        	2.9065448754e+01
0.27814053        	2.7880381096e+01
0.27890888        	2.6885998025e+01
0.27967829        	2.6089756134e+01
0.28044835        	2.5486022029e+01
0.28121962        	2.5056430817e+01
0.28199154        	2.4774408660e+01
0.28276443        	2.4607890452e+01
0.28353769        	2.4524225472e+01
0.28431239        	2.4493346841e+01
0.28508708        	2.4490630446e+01
0.2858623         	2.4497782904e+01
0.2866391         	2.4502905205e+01
0.2874159         	2.4499634440e+01
0.28819307        	2.4486150016e+01
0.28897241        	2.4464108906e+01
0.28975174        	2.4438032838e+01
0.29053171        	2.4414526577e+01
0.29131422        	2.4401780976e+01
0.29209672        	2.4408987802e+01
0.29288048        	2.4445260702e+01
0.29366717        	2.4518822681e+01
0.29445385        	2.4635224384e+01
0.29524328        	2.4797501961e+01
0.29603607        	2.5004899365e+01
0.29682886        	2.5251680289e+01
0.29762164        	2.5529590539e+01
0.29841443        	2.5828384543e+01
0.29920721        	2.6137188974e+01
0.3               	2.6445824384e+01
0.30080897        	2.6751792098e+01
0.30162107        	2.7043480634e+01
0.30243619        	2.7316835391e+01
0.3032542         	2.7569891232e+01
0.30407491        	2.7801874420e+01
0.30489795        	2.8012172334e+01
0.30572295        	2.8199635585e+01
0.30654953        	2.8362407868e+01
0.30737729        	2.8498372971e+01
0.30820591        	2.8606078730e+01
0.30903503        	2.8685780522e+01
0.30986451        	2.8740225342e+01
0.31069411        	2.8774797560e+01
0.3115237         	2.8797041435e+01
0.3123533         	2.8815707655e+01
0.31318299        	2.8839782220e+01
0.31401298        	2.8877783992e+01
0.31484297        	2.8937313447e+01
0.31567325        	2.9024942125e+01
0.31650383        	2.9146103511e+01
0.31733485        	2.9304885473e+01
0.31816636        	2.9503536656e+01
0.3189986         	2.9741891891e+01
0.31983158        	3.0016630308e+01
0.32066544        	3.0320910975e+01
0.32150023        	3.0644446623e+01
0.32233611        	3.0974384060e+01
0.32317306        	3.1296798534e+01
0.32401123        	3.1598881149e+01
0.32485052        	3.1870722620e+01
0.32569102        	3.2106799793e+01
0.3265326         	3.2306040293e+01
0.32737512        	3.2471058566e+01
0.32821837        	3.2606520309e+01
0.32906212        	3.2717353530e+01
0.32990611        	3.2807508899e+01
0.33075011        	3.2879720898e+01
0.33159375        	3.2936087396e+01
0.33243694        	3.2979035702e+01
0.33327953        	3.3012199346e+01
0.33412132        	3.3040983953e+01
0.33496236        	3.3072602955e+01
0.33580253        	3.3115622318e+01
0.33664195        	3.3179325860e+01
0.33748063        	3.3273220531e+01
0.33831855        	3.3407090905e+01
0.33915585        	3.3591563091e+01
0.33999251        	3.3838704856e+01
0.34082855        	3.4162531582e+01
0.34166398        	3.4579010453e+01
0.34249872        	3.5105333421e+01
0.34333271        	3.5758526975e+01
0.3441658         	3.6553609459e+01
0.34499803        	3.7501857177e+01
0.34582919        	3.8608466112e+01
0.34665923        	3.9871117518e+01
0.34748811        	4.1278327530e+01
0.34831578        	4.2808419873e+01
0.3491422         	4.4429374745e+01
0.34996737        	4.6099981050e+01
0.35079132        	4.7772134228e+01
0.35161414        	4.9394624020e+01
0.35243594        	5.0917607186e+01
0.35325686        	5.2297537049e+01
0.35407688        	5.3501592369e+01
0.3548962         	5.4511313132e+01
0.35571482        	5.5322763456e+01
0.35653291        	5.5945795815e+01
0.35735072        	5.6401103850e+01
0.3581678         	5.6716295284e+01
0.35898483        	5.6922687012e+01
0.3598015         	5.7050718677e+01
0.36061771        	5.7127590769e+01
0.36143393        	5.7175299602e+01
0.36225014        	5.7209694387e+01
0.363066          	5.7240521300e+01
0.36388132        	5.7271991891e+01
0.36469664        	5.7303699924e+01
0.36551172        	5.7331625957e+01
0.36632608        	5.7349251283e+01
0.36714009        	5.7348672134e+01
0.36795346        	5.7321655237e+01
0.36876584        	5.7260755670e+01
0.36957727        	5.7160272115e+01
0.37038752        	5.7017083756e+01
0.37119632        	5.6831196728e+01
0.37200364        	5.6605851194e+01
0.37280923        	5.6347374986e+01
0.37361297        	5.6064425488e+01
0.37441463        	5.5767123740e+01
0.37521429        	5.5465790526e+01
0.37601182        	5.5170055799e+01
0.37680711        	5.4887954829e+01
0.37760049        	5.4625325608e+01
0.37839177        	5.4386124490e+01
0.37918125        	5.4172367737e+01
0.37996915        	5.3984746034e+01
0.38075582        	5.3823041931e+01
0.3815413         	5.3686595465e+01
0.38232584        	5.3574438906e+01
0.38310962        	5.3485401985e+01
0.38389339        	5.3417876555e+01
0.38467717        	5.3369691959e+01
0.38546095        	5.3337747002e+01
0.38624472        	5.3317882908e+01
0.3870285         	5.3304936146e+01
0.38781228        	5.3292974715e+01
0.38859605        	5.3275660208e+01
0.38937983        	5.3246660006e+01
0.3901636         	5.3200042782e+01
0.39094738        	5.3130625698e+01
0.39173116        	5.3034262481e+01
0.39251493        	5.2908082110e+01
0.39329871        	5.2750714651e+01
0.39408249        	5.2562502289e+01
0.39486626        	5.2345654202e+01
0.39565004        	5.2104284151e+01
0.39643382        	5.1844279629e+01
0.39721759        	5.1572958639e+01
0.39800137        	5.1298513317e+01
0.39878515        	5.1029288603e+01
0.39956892        	5.0772994011e+01
0.40035197        	5.0536204988e+01
0.40113376        	5.0323531507e+01
0.40191512        	5.0137144893e+01
0.40269607        	4.9977535278e+01
0.40347667        	4.9843599506e+01
0.40425697        	4.9733191409e+01
0.40503719        	4.9643594736e+01
0.40581718        	4.9571917856e+01
0.40659745        	4.9515124746e+01
0.40737785        	4.9470114820e+01
0.40815863        	4.9433428085e+01
0.40893982        	4.9401015439e+01
0.40972158        	4.9368011249e+01
0.41050394        	4.9328695384e+01
0.41128695        	4.9276535305e+01
0.41207062        	4.9204272975e+01
0.41285495        	4.9104007328e+01
0.41363992        	4.8967277805e+01
0.41442553        	4.8785089740e+01
0.41521174        	4.8547924061e+01
0.41599853        	4.8245752542e+01
0.41678596        	4.7868188541e+01
0.41757405        	4.7404851605e+01
0.4183628         	4.6845919242e+01
0.41915225        	4.6182844565e+01
0.41994249        	4.5409207199e+01
0.42073356        	4.4521718424e+01
0.42152551        	4.3521015552e+01
0.42231845        	4.2412368263e+01
0.42311237        	4.1206279456e+01
0.42390735        	3.9918432347e+01
0.42470334        	3.8569655960e+01
0.4255004         	3.7185044036e+01
0.42629847        	3.5793266657e+01
0.42709752        	3.4424853441e+01
0.4278975         	3.3110483775e+01
0.42869835        	3.1879023772e+01
0.42949995        	3.0755412146e+01
0.43030222        	2.9758576190e+01
0.43110508        	2.8900176499e+01
0.43190847        	2.8183775725e+01
0.43271234        	2.7605056079e+01
0.43351662        	2.7152691366e+01
0.43432114        	2.6810027166e+01
0.43512602        	2.6557146201e+01
0.43593106        	2.6373465591e+01
0.43673645        	2.6239561828e+01
0.43754185        	2.6138939309e+01
0.43834773        	2.6058838973e+01
0.43915364        	2.5990932498e+01
0.43996006        	2.5931073714e+01
0.44076676        	2.5878973290e+01
0.44157392        	2.5837377403e+01
0.44238166        	2.5811231217e+01
0.44319009        	2.5806716780e+01
0.4439994         	2.5830288745e+01
0.44480975        	2.5887791611e+01
0.44562128        	2.5983686002e+01
0.44643418        	2.6120411246e+01
0.44724869        	2.6297961391e+01
0.44806487        	2.6513649435e+01
0.44888298        	2.6762314522e+01
0.44970309        	2.7036642415e+01
0.45052531        	2.7327900801e+01
0.45134969        	2.7626741942e+01
0.45217624        	2.7924057205e+01
0.45300493        	2.8211710912e+01
0.4538355         	2.8482971242e+01
0.45466793        	2.8732917040e+01
0.4555019         	2.8958228579e+01
0.4563372         	2.9157186448e+01
0.45717353        	2.9329388263e+01
0.45801072        	2.9475589453e+01
0.45884817        	2.9597466815e+01
0.45968629        	2.9697756527e+01
0.46052441        	2.9779951254e+01
0.46136244        	2.9848521955e+01
0.46219966        	2.9908699981e+01
0.46303688        	2.9966436563e+01
0.46387409        	3.0027953149e+01
0.46471034        	3.0099370788e+01
0.46554659        	3.0186543572e+01
0.46638284        	3.0294434650e+01
0.46721908        	3.0426780425e+01
0.46805533        	3.0585737146e+01
0.46889158        	3.0771619038e+01
0.46972783        	3.0982760341e+01
0.47056408        	3.1215519463e+01
0.47140032        	3.1464452150e+01
0.4722378         	3.1723065622e+01
0.47307527        	3.1983226351e+01
0.47391301        	3.2237016724e+01
0.47475182        	3.2477121157e+01
0.47559063        	3.2696792023e+01
0.47643017        	3.2891413359e+01
0.47727045        	3.3058105096e+01
0.47811073        	3.3195865756e+01
0.47895101        	3.3305581175e+01
0.47979129        	3.3389395569e+01
0.48063157        	3.3450339279e+01
0.48147185        	3.3492171245e+01
0.48231213        	3.3519291296e+01
0.48315241        	3.3536680288e+01
0.4839914         	3.3549921932e+01
0.48482955        	3.3565337978e+01
0.4856677         	3.3590051394e+01
0.48650495        	3.3631945255e+01
0.48734056        	3.3699602856e+01
0.48817617        	3.3802563982e+01
0.48901177        	3.3951085429e+01
0.48984542        	3.4155574240e+01
0.49067776        	3.4427285195e+01
0.49151011        	3.4778126024e+01
0.49234245        	3.5219532486e+01
0.49317479        	3.5762073462e+01
0.49400685        	3.6414313940e+01
0.49483349        	3.7177076592e+01
0.49566013        	3.8056328507e+01
0.49648677        	3.9049251549e+01
0.49731342        	4.0147307778e+01
0.49814006        	4.1335738289e+01
0.4989667         	4.2593615765e+01
0.49979334        	4.3894550185e+01
0.50061608        	4.5201996199e+01
0.50143664        	4.6486442425e+01
0.50225626        	4.7718060429e+01
0.50307495        	4.8867683235e+01
0.50389286        	4.9911360529e+01
0.50471008        	5.0831912358e+01
0.50552671        	5.1620033901e+01
0.50634277        	5.2274196342e+01
0.5071584         	5.2800060496e+01
0.50797368        	5.3209020905e+01
0.50878866        	5.3516565388e+01
0.50960341        	5.3740333464e+01
0.51041787        	5.3898186635e+01
0.51123225        	5.4006601194e+01
0.51204636        	5.4079319733e+01
0.51286036        	5.4126683329e+01
0.51367409        	5.4155287358e+01
0.51448762        	5.4168218771e+01
0.5153008         	5.4165501835e+01
0.51611356        	5.4144761929e+01
0.51692582        	5.4102077536e+01
0.51773743        	5.4032938889e+01
0.51854829        	5.3933110232e+01
0.51935827        	5.3799337959e+01
0.52016715        	5.3629878957e+01
0.52097483        	5.3424778151e+01
0.52178119        	5.3186010413e+01
0.52258607        	5.2917442650e+01
0.52338937        	5.2624567520e+01
0.52419102        	5.2314058417e+01
0.52499099        	5.1993260120e+01
0.52578925        	5.1669599237e+01
0.5265858         	5.1350019686e+01
0.52738075        	5.1040502696e+01
0.52817419        	5.0745934578e+01
0.52896622        	5.0470026177e+01
0.52975704        	5.0215293750e+01
0.5305468         	4.9983120213e+01
0.53133573        	4.9773811891e+01
0.5321239         	4.9586791815e+01
0.5329116         	4.9420656767e+01
0.53369903        	4.9273362871e+01
0.53448619        	4.9142322796e+01
0.53527314        	4.9024418377e+01
0.53606014        	4.8916033868e+01
0.53684758        	4.8813166217e+01
0.53763502        	4.8711667935e+01
0.53842245        	4.8607276055e+01
0.53921032        	4.8495842068e+01
0.53999826        	4.8373755034e+01
0.5407862         	4.8238056845e+01
0.54157414        	4.8086687851e+01
0.54236208        	4.7918673499e+01
0.54315003        	4.7734236136e+01
0.54393797        	4.7534810439e+01
0.54472591        	4.7322968119e+01
0.54551332        	4.7102410133e+01
0.5463007         	4.6877305101e+01
0.54708773        	4.6652531848e+01
0.54787453        	4.6433015873e+01
0.54866094        	4.6223585375e+01
0.54944714        	4.6028476454e+01
0.55023286        	4.5851243145e+01
0.55101845        	4.5694302736e+01
0.55180362        	4.5559111049e+01
0.55258858        	4.5445911197e+01
0.55337354        	4.5353918452e+01
0.5541585         	4.5281484538e+01
0.55494345        	4.5226207385e+01
0.55572841        	4.5185038388e+01
0.55651337        	4.5154349847e+01
0.55729833        	4.5129978658e+01
0.55808383        	4.5107249821e+01
0.55886951        	4.5081019728e+01
0.55965583        	4.5045607949e+01
0.56044246        	4.4994849869e+01
0.56122968        	4.4922052351e+01
0.5620175         	4.4820082597e+01
0.56280572        	4.4681474938e+01
0.56359457        	4.4498406479e+01
0.56438402        	4.4262936792e+01
0.56517387        	4.3967271349e+01
0.56596447        	4.3603757617e+01
0.56675568        	4.3165637706e+01
0.56754736        	4.2647342217e+01
0.56833985        	4.2044614896e+01
0.5691331         	4.1355580852e+01
0.569927          	4.0581034965e+01
0.57072164        	3.9724625396e+01
0.57151725        	3.8793011243e+01
0.57231375        	3.7796478066e+01
0.57311112        	3.6748449000e+01
0.57390925        	3.5665238308e+01
0.57470836        	3.4564888207e+01
0.57550848        	3.3466995085e+01
0.57630912        	3.2392252743e+01
0.57711085        	3.1359226590e+01
0.577913          	3.0386187826e+01
0.57871616        	2.9487001931e+01
0.57951933        	2.8673550194e+01
0.58032361        	2.7951169294e+01
0.58112837        	2.7322466004e+01
0.58193313        	2.6785461468e+01
0.58273789        	2.6334074753e+01
0.58354265        	2.5959439522e+01
0.58434782        	2.5650823482e+01
0.58515463        	2.5396841379e+01
0.58596145        	2.5187624903e+01
0.58676826        	2.5014170772e+01
0.58757507        	2.4869590512e+01
0.58838189        	2.4749388088e+01
0.5891887         	2.4651459135e+01
0.58999551        	2.4575847090e+01
0.59080268        	2.4524279243e+01
0.59161302        	2.4499612924e+01
0.59242335        	2.4505440183e+01
0.59323369        	2.4544903911e+01
0.59404403        	2.4620342849e+01
0.59485561        	2.4733042589e+01
0.59567218        	2.4883444936e+01
0.59648875        	2.5068732880e+01
0.59730532        	2.5284975812e+01
0.59812189        	2.5526759109e+01
0.59893846        	2.5787563641e+01
0.59975503        	2.6060220024e+01
0.60057739        	2.6339380745e+01
0.60140368        	2.6617351952e+01
0.60223163        	2.6886922331e+01
0.60306111        	2.7142645084e+01
0.60389194        	2.7380339703e+01
0.60472392        	2.7597199603e+01
0.60555686        	2.7791839058e+01
0.60639057        	2.7964253804e+01
0.60722481        	2.8115670148e+01
0.60805949        	2.8248399669e+01
0.60889446        	2.8365572868e+01
0.60972953        	2.8470981573e+01
0.61056459        	2.8568919811e+01
0.61139966        	2.8663967108e+01
0.61223472        	2.8760719974e+01
0.61306945        	2.8863460242e+01
0.61390411        	2.8975974929e+01
0.61473878        	2.9101216810e+01
0.61557345        	2.9241121328e+01
0.61640811        	2.9396459115e+01
0.61724305        	2.9566803625e+01
0.61807814        	2.9750396192e+01
0.6189134         	2.9944313783e+01
0.61974891        	3.0144621569e+01
0.62058479        	3.0346656988e+01
0.62142096        	3.0545295350e+01
0.62225747        	3.0735391003e+01
0.62309431        	3.0912045935e+01
0.62393161        	3.1071030129e+01
0.62476923        	3.1209062123e+01
0.62560699        	3.1323948878e+01
0.62644512        	3.1414714114e+01
0.62728336        	3.1481573064e+01
0.62812159        	3.1525924545e+01
0.62895982        	3.1550167779e+01
0.62979795        	3.1557612043e+01
0.63063569        	3.1552455452e+01
0.63147311        	3.1539655439e+01
0.63231016        	3.1524875427e+01
0.63314674        	3.1514438541e+01
0.63398277        	3.1515238708e+01
0.63481824        	3.1534644900e+01
0.63565313        	3.1580410192e+01
0.63648739        	3.1660609336e+01
0.637321          	3.1783550964e+01
0.63815389        	3.1957588833e+01
0.63898607        	3.2190859045e+01
0.63981758        	3.2490932640e+01
0.64064834        	3.2864378895e+01
0.64147823        	3.3316265450e+01
0.64230735        	3.3849806558e+01
0.64313552        	3.4465496210e+01
0.64396285        	3.5161001862e+01
0.64478911        	3.5930312903e+01
0.64561445        	3.6764230700e+01
0.64643875        	3.7649991588e+01
0.647262          	3.8571965698e+01
0.64808433        	3.9512375521e+01
0.64890555        	4.0451727510e+01
0.64972592        	4.1370757442e+01
0.65054531        	4.2250848312e+01
0.65136386        	4.3075921769e+01
0.65218165        	4.3833088606e+01
0.65299874        	4.4513203499e+01
0.65381526        	4.5111200748e+01
0.65463125        	4.5625872784e+01
0.6554466         	4.6059519316e+01
0.65626178        	4.6417603740e+01
0.65707627        	4.6707321966e+01
0.65789076        	4.6937543320e+01
0.6587047         	4.7116965761e+01
0.6595184         	4.7253900874e+01
0.6603321         	4.7355337728e+01
0.66114505        	4.7426519288e+01
0.66195792        	4.7471061800e+01
0.6627703         	4.7490750611e+01
0.66358229        	4.7485896376e+01
0.6643936         	4.7455661984e+01
0.66520439        	4.7398515186e+01
0.66601444        	4.7312750065e+01
0.66682357        	4.7196921684e+01
0.66763172        	4.7050245045e+01
0.66843875        	4.6872908590e+01
0.6692446         	4.6666245570e+01
0.67004923        	4.6432762798e+01
0.67085257        	4.6176088848e+01
0.67165448        	4.5900784497e+01
0.67245485        	4.5611987961e+01
0.67325389        	4.5315038230e+01
0.67405156        	4.5015296874e+01
0.67484788        	4.4717810913e+01
0.67564289        	4.4427122776e+01
0.67643666        	4.4147078807e+01
0.67722942        	4.3880658494e+01
0.67802144        	4.3629931881e+01
0.67881232        	4.3396194518e+01
0.6796029         	4.3179462029e+01
0.68039317        	4.2979180415e+01
0.68118218        	4.2794261736e+01
0.68197119        	4.2622504358e+01
0.68276019        	4.2461529881e+01
0.6835492         	4.2308587857e+01
0.68433821        	4.2160706397e+01
0.68512721        	4.2014810075e+01
0.68591622        	4.1867921943e+01
0.68670523        	4.1717318234e+01
0.68749424        	4.1560706716e+01
0.68828324        	4.1396370243e+01
0.68907225        	4.1223262897e+01
0.68986126        	4.1041064992e+01
0.69065026        	4.0850191210e+01
0.69143927        	4.0651780605e+01
0.69222828        	4.0447626504e+01
0.69301729        	4.0240073286e+01
0.69380629        	4.0031881693e+01
0.6945953         	3.9826059001e+01
0.69538431        	3.9625697663e+01
0.69617332        	3.9433774548e+01
0.69696232        	3.9253004968e+01
0.69775133        	3.9085682615e+01
0.69854034        	3.8933599293e+01
0.69932934        	3.8797960927e+01
0.7001183         	3.8679360056e+01
0.70090694        	3.8577731339e+01
0.70169558        	3.8492250943e+01
0.70248423        	3.8421440362e+01
0.70327293        	3.8363155159e+01
0.7040619         	3.8314606149e+01
0.70485111        	3.8272400467e+01
0.70564063        	3.8232546136e+01
0.70643053        	3.8190498540e+01
0.70722089        	3.8141243167e+01
0.70801168        	3.8079391389e+01
0.70880296        	3.7999285145e+01
0.70959478        	3.7895083597e+01
0.71038715        	3.7760846394e+01
0.71118006        	3.7590655594e+01
0.71197359        	3.7378719629e+01
0.71276771        	3.7119609748e+01
0.71356245        	3.6808462590e+01
0.71435785        	3.6441262129e+01
0.71515394        	3.6015132946e+01
0.71595075        	3.5528671410e+01
0.7167483         	3.4982183049e+01
0.71754665        	3.4377874028e+01
0.71834583        	3.3720014017e+01
0.71914585        	3.3014937197e+01
0.71994673        	3.2270891650e+01
0.72074848        	3.1497794480e+01
0.72155109        	3.0706956579e+01
0.72235457        	2.9910552668e+01
0.72315889        	2.9121156896e+01
0.72396404        	2.8351176898e+01
0.72476993        	2.7612284244e+01
0.72557652        	2.6914806145e+01
0.72638382        	2.6267182746e+01
0.72719171        	2.5675791343e+01
0.72800013        	2.5144504226e+01
0.72880903        	2.4674827523e+01
0.72961838        	2.4266039091e+01
0.73042811        	2.3915523146e+01
0.73123812        	2.3619107944e+01
0.73204852        	2.3371561055e+01
0.73285923        	2.3167356046e+01
0.73367016        	2.3001211957e+01
0.73448153        	2.2868499534e+01
0.73529323        	2.2765649711e+01
0.73610532        	2.2690210168e+01
0.73691787        	2.2640895670e+01
0.73773099        	2.2617477939e+01
0.73854473        	2.2620565486e+01
0.73935919        	2.2651292738e+01
0.74017451        	2.2710980589e+01
0.74099076        	2.2800755246e+01
0.74180807        	2.2921214437e+01
0.74262655        	2.3072156175e+01
0.74344627        	2.3252376443e+01
0.74426732        	2.3459613753e+01
0.74508979        	2.3690568048e+01
0.74591369        	2.3941003057e+01
0.74673902        	2.4206008287e+01
0.74756584        	2.4480279418e+01
0.74839405        	2.4758396103e+01
0.74922357        	2.5035141677e+01
0.7500543         	2.5305814027e+01
0.75088622        	2.5566454983e+01
0.75171904        	2.5813966222e+01
0.7525527         	2.6046348043e+01
0.75338705        	2.6262685141e+01
0.75422185        	2.6463099795e+01
0.75505722        	2.6648763135e+01
0.75589258        	2.6821490120e+01
0.75672795        	2.6983816726e+01
0.75756332        	2.7138668599e+01
0.75839869        	2.7289174324e+01
0.75923406        	2.7438470879e+01
0.76006942        	2.7589492151e+01
0.76090479        	2.7744750408e+01
0.76174016        	2.7906165451e+01
0.76257553        	2.8074950342e+01
0.76341089        	2.8251544855e+01
0.76424626        	2.8435595276e+01
0.76508163        	2.8625977547e+01
0.765917          	2.8820867193e+01
0.76675236        	2.9017845084e+01
0.76758773        	2.9214046772e+01
0.7684231         	2.9406355154e+01
0.76925847        	2.9591612568e+01
0.77009384        	2.9766839852e+01
0.7709292         	2.9929443328e+01
0.77176457        	3.0077357182e+01
0.77259994        	3.0209143487e+01
0.77343531        	3.0324060945e+01
0.77427067        	3.0422109698e+01
0.77510604        	3.0504059955e+01
0.77594141        	3.0571449847e+01
0.77677678        	3.0626559153e+01
0.77761215        	3.0672400747e+01
0.77844618        	3.0712639651e+01
0.77927999        	3.0751673697e+01
0.78011379        	3.0794384554e+01
0.78094705        	3.0846097197e+01
0.78177906        	3.0912516361e+01
0.78261107        	3.0999778944e+01
0.78344276        	3.1114108904e+01
0.7842727         	3.1261508377e+01
0.78510264        	3.1448390144e+01
0.78593257        	3.1680672568e+01
0.78676018        	3.1962866284e+01
0.78758767        	3.2299996645e+01
0.78841516        	3.2695430937e+01
0.78924127        	3.3150180936e+01
0.79006569        	3.3663788062e+01
0.79089012        	3.4235093776e+01
0.79171454        	3.4859941665e+01
0.79253765        	3.5530848925e+01
0.79335769        	3.6237688023e+01
0.79417773        	3.6972760689e+01
0.79499777        	3.7724666849e+01
0.7958178         	3.8481223703e+01
0.79663784        	3.9230077885e+01
0.79745788        	3.9959321163e+01
0.79827792        	4.0658053115e+01
0.79909796        	4.1316889458e+01
0.799918          	4.1928354988e+01
0.80073273        	4.2483730997e+01
0.80154636        	4.2983301537e+01
0.80235951        	4.3426587929e+01
0.80317225        	4.3814600365e+01
0.8039846         	4.4149843929e+01
0.80479657        	4.4435884696e+01
0.80560821        	4.4676877860e+01
0.80641953        	4.4877109355e+01
0.80723056        	4.5040627932e+01
0.80804129        	4.5170933838e+01
0.80885167        	4.5270786072e+01
0.80966168        	4.5342101072e+01
0.81047127        	4.5385943585e+01
0.81128035        	4.5402653439e+01
0.8120889         	4.5392057814e+01
0.81289677        	4.5353718746e+01
0.81370395        	4.5287178648e+01
0.81451035        	4.5192242677e+01
0.81531582        	4.5069213482e+01
0.81612039        	4.4919025993e+01
0.81692392        	4.4743391404e+01
0.8177264         	4.4544767126e+01
0.81852781        	4.4326270682e+01
0.81932811        	4.4091575988e+01
0.82012725        	4.3844762313e+01
0.8209253         	4.3590098849e+01
0.8217223         	4.3331866329e+01
0.82251827        	4.3074157549e+01
0.8233133         	4.2820665056e+01
0.82410749        	4.2574527987e+01
0.8249009         	4.2338224831e+01
0.82569367        	4.2113473699e+01
0.82648591        	4.1901208593e+01
0.82727766        	4.1701631355e+01
0.82806901        	4.1514277807e+01
0.82886017        	4.1338075502e+01
0.82965106        	4.1171541367e+01
0.83044194        	4.1012721865e+01
0.83123282        	4.0859487277e+01
0.8320237         	4.0709607862e+01
0.83281458        	4.0560894384e+01
0.83360546        	4.0411336408e+01
0.83439635        	4.0259226983e+01
0.83518744        	4.0103219871e+01
0.83597881        	3.9942462042e+01
0.83677017        	3.9776689597e+01
0.83756153        	3.9606122738e+01
0.83835289        	3.9431513990e+01
0.83914426        	3.9254104193e+01
0.83993562        	3.9075556487e+01
0.84072698        	3.8897863649e+01
0.84151834        	3.8723234835e+01
0.8423097         	3.8553963687e+01
0.84310107        	3.8392297399e+01
0.84389243        	3.8240296460e+01
0.84468379        	3.8099713694e+01
0.84547515        	3.7971905679e+01
0.84626651        	3.7857766755e+01
0.84705788        	3.7757682930e+01
0.8478496         	3.7671475252e+01
0.84864155        	3.7598478131e+01
0.84943351        	3.7537461521e+01
0.85022569        	3.7486572306e+01
0.85101827        	3.7443383589e+01
0.85181099        	3.7404952694e+01
0.85260422        	3.7367808940e+01
0.85339779        	3.7328096504e+01
0.8541917         	3.7281589077e+01
0.85498626        	3.7223755162e+01
0.85578124        	3.7149887335e+01
0.85657669        	3.7055152857e+01
0.85737271        	3.6934692150e+01
0.85816941        	3.6783706222e+01
0.85896664        	3.6597652124e+01
0.85976442        	3.6372342677e+01
0.86056278        	3.6104148034e+01
0.86136192        	3.5790179291e+01
0.86216176        	3.5428607501e+01
0.86296227        	3.5018809371e+01
0.86376348        	3.4561503038e+01
0.86456545        	3.4058823965e+01
0.86536813        	3.3514427908e+01
0.86617166        	3.2933310442e+01
0.86697609        	3.2321784116e+01
0.86778131        	3.1687420118e+01
0.86858729        	3.1038541826e+01
0.86939399        	3.0383976992e+01
0.87020153        	2.9732616279e+01
0.87100996        	2.9093284501e+01
0.8718189         	2.8474647481e+01
0.8726287         	2.7884021286e+01
0.87343899        	2.7328190381e+01
0.87425001        	2.6812163622e+01
0.8750611         	2.6340098269e+01
0.87587344        	2.5913658997e+01
0.87668579        	2.5534453600e+01
0.87749813        	2.5202058447e+01
0.87831137        	2.4914647215e+01
0.8791252         	2.4670069490e+01
0.87993903        	2.4465746601e+01
0.88075286        	2.4298775685e+01
0.88156669        	2.4166430090e+01
0.88238163        	2.4066229610e+01
0.88319729        	2.3996415874e+01
0.88401296        	2.3955759820e+01
0.88482862        	2.3943494694e+01
0.88564486        	2.3959370858e+01
0.88646282        	2.4003597198e+01
0.88728077        	2.4076404831e+01
0.88809873        	2.4177943895e+01
0.88891911        	2.4308489243e+01
0.88973992        	2.4467205294e+01
0.89056072        	2.4652730825e+01
0.89138358        	2.4863598486e+01
0.89220812        	2.5097088931e+01
0.89303266        	2.5349364623e+01
0.8938572         	2.5616429999e+01
0.89468205        	2.5894021003e+01
0.89551298        	2.6179635934e+01
0.89634391        	2.6466698740e+01
0.89717484        	2.6750997398e+01
0.89800577        	2.7028830415e+01
0.8988367         	2.7297194703e+01
0.89966763        	2.7553920721e+01
0.90049997        	2.7798149868e+01
0.90133354        	2.8029410535e+01
0.90216749        	2.8247887519e+01
0.9030016         	2.8454648491e+01
0.903836          	2.8651379562e+01
0.90467039        	2.8840049889e+01
0.90550479        	2.9022909551e+01
0.90633918        	2.9202241318e+01
0.90717358        	2.9380181212e+01
0.90800771        	2.9558503507e+01
0.90884173        	2.9738628505e+01
0.90967574        	2.9921438479e+01
0.91050976        	3.0107219395e+01
0.91134347        	3.0295605965e+01
0.9121771         	3.0485799823e+01
0.91301073        	3.0676461105e+01
0.91384436        	3.0865792298e+01
0.91467799        	3.1051682109e+01
0.91551162        	3.1231859632e+01
0.91634525        	3.1404024649e+01
0.91717888        	3.1565984526e+01
0.91801217        	3.1715780481e+01
0.91884538        	3.1852003796e+01
0.91967859        	3.1973694650e+01
0.92051163        	3.2080406770e+01
0.9213444         	3.2172319232e+01
0.92217696        	3.2250240120e+01
0.92300929        	3.2315578140e+01
0.92384117        	3.2370336697e+01
0.92467269        	3.2417166956e+01
0.92550382        	3.2459297030e+01
0.92633453        	3.2500465260e+01
0.92716477        	3.2544845813e+01
0.92799452        	3.2596961795e+01
0.92882371        	3.2661573099e+01
0.92965236        	3.2743570440e+01
0.93048034        	3.2847852968e+01
0.93130773        	3.2979284724e+01
0.93213453        	3.3142571197e+01
0.93296062        	3.3342110209e+01
0.93378599        	3.3581811620e+01
0.93461073        	3.3864870175e+01
0.93543463        	3.4193384536e+01
0.93625786        	3.4568340971e+01
0.93708023        	3.4989159739e+01
0.93790185        	3.5453851125e+01
0.9387226         	3.5958767864e+01
0.93954258        	3.6498926983e+01
0.94036165        	3.7067921087e+01
0.94117995        	3.7658520519e+01
0.94199738        	3.8262566849e+01
0.94281403        	3.8871665516e+01
0.94362992        	3.9477288494e+01
0.94444499        	4.0071078587e+01
0.94525934        	4.0645379400e+01
0.94607302        	4.1193360894e+01
0.94688609        	4.1709249360e+01
0.9476986         	4.2188446924e+01
0.9485106         	4.2627610814e+01
0.9493221         	4.3024669402e+01
0.95013307        	4.3378831158e+01
0.95094385        	4.3690512615e+01
0.95175403        	4.3960683591e+01
0.95256417        	4.4191252185e+01
0.95337365        	4.4384108519e+01
0.95418314        	4.4541618496e+01
0.95499209        	4.4665795878e+01
0.95580085        	4.4758590054e+01
0.95660921        	4.4821520145e+01
0.95741723        	4.4855762787e+01
0.95822475        	4.4862118438e+01
0.95903201        	4.4841103430e+01
0.95983846        	4.4793054857e+01
0.96064443        	4.4718202889e+01
0.96144982        	4.4616857247e+01
0.9622545         	4.4489549544e+01
0.96305845        	4.4337137387e+01
0.96386153        	4.4160958290e+01
0.96466375        	4.3962806370e+01
0.96546512        	4.3744997373e+01
0.9662656         	4.3510326610e+01
0.96706523        	4.3261978811e+01
0.96786398        	4.3003436154e+01
0.96866189        	4.2738303203e+01
0.96945909        	4.2470127683e+01
0.97025546        	4.2202348753e+01
0.97105103        	4.1938020444e+01
0.97184633        	4.1679566262e+01
0.97264051        	4.1429284654e+01
0.97343469        	4.1188240880e+01
0.97422833        	4.0957389556e+01
0.9750213         	4.0736979139e+01
0.97581428        	4.0526501149e+01
0.97660725        	4.0325202127e+01
0.97740023        	4.0131956959e+01
0.9781932         	3.9945388561e+01
0.97898618        	3.9763983386e+01
0.97977915        	3.9586211404e+01
0.98057213        	3.9410627207e+01
0.9813651         	3.9235961708e+01
0.98215807        	3.9061202165e+01
0.98295105        	3.8885658916e+01
0.98374402        	3.8709012882e+01
0.984537          	3.8531334445e+01
0.98532997        	3.8353089023e+01
0.98612295        	3.8175116997e+01
0.98691592        	3.7998582378e+01
0.9877089         	3.7824899970e+01
0.98850187        	3.7655647917e+01
0.98929484        	3.7492475979e+01
0.99008782        	3.7337007286e+01
0.99088079        	3.7190739366e+01
0.99167377        	3.7054957673e+01
0.99246674        	3.6930666601e+01
0.99325972        	3.6818528179e+01
0.99405269        	3.6718806792e+01
0.99484567        	3.6631337182e+01
0.99563864        	3.6555501568e+01
0.99643161        	3.6490213592e+01
0.99722459        	3.6433917606e+01
0.99801756        	3.6384600554e+01
0.99881054        	3.6339815738e+01
0.99960351        	3.6296720443e+01
1.0003984         	3.6252012295e+01
1.0011956         	3.6202113782e+01
1.0019932         	3.6143393343e+01
1.0027913         	3.6071948223e+01
1.0035899         	3.5983831047e+01
1.004389          	3.5875105525e+01
1.0051887         	3.5741957870e+01
1.005989          	3.5580775435e+01
1.0067898         	3.5388271737e+01
1.0075913         	3.5161640441e+01
1.0083933         	3.4898717733e+01
1.009196          	3.4598150182e+01
1.0099994         	3.4259528045e+01
1.0108034         	3.3883522910e+01
1.0116082         	3.3471890780e+01
1.0124137         	3.3027507043e+01
1.0132199         	3.2554251773e+01
1.0140268         	3.2056929938e+01
1.0148345         	3.1541096255e+01
1.0156429         	3.1012794352e+01
1.0164521         	3.0478428548e+01
1.017262          	2.9944559849e+01
1.0180725         	2.9417629025e+01
1.0188837         	2.8903852778e+01
1.0196956         	2.8409016834e+01
1.020508          	2.7938174873e+01
1.021321          	2.7495669681e+01
1.0221345         	2.7084964729e+01
1.0229484         	2.6708642920e+01
1.0237628         	2.6368415762e+01
1.0245775         	2.6065123432e+01
1.0253926         	2.5798814369e+01
1.026208          	2.5568874497e+01
1.0270238         	2.5374221128e+01
1.0278399         	2.5213655111e+01
1.0286563         	2.5085852425e+01
1.029473          	2.4989508908e+01
1.0302901         	2.4923481574e+01
1.0311076         	2.4886812092e+01
1.0319255         	2.4878778385e+01
1.0327439         	2.4898896523e+01
1.0335628         	2.4946866827e+01
1.0343823         	2.5022469576e+01
1.0352025         	2.5125442131e+01
1.0360234         	2.5255364556e+01
1.036845          	2.5411492336e+01
1.0376675         	2.5592714727e+01
1.0384907         	2.5797383192e+01
1.0393149         	2.6023377960e+01
1.0401399         	2.6267975245e+01
1.0409659         	2.6528029771e+01
1.0417927         	2.6799980147e+01
1.0426203         	2.7080088358e+01
1.0434487         	2.7364508633e+01
1.0442779         	2.7649591382e+01
1.0451078         	2.7931981739e+01
1.0459382         	2.8208762570e+01
1.0467693         	2.8477699127e+01
1.0476008         	2.8737166373e+01
1.0484326         	2.8986263950e+01
1.0492648         	2.9224896233e+01
1.0500972         	2.9453357182e+01
1.0509296         	2.9672463363e+01
1.051762          	2.9883424586e+01
1.0525944         	3.0087671617e+01
1.0534268         	3.0286723663e+01
1.0542592         	3.0482041114e+01
1.0550916         	3.0674887083e+01
1.055924          	3.0866221132e+01
1.0567565         	3.1056637222e+01
1.0575886         	3.1246275605e+01
1.0584202         	3.1434897439e+01
1.0592518         	3.1622041736e+01
1.0600834         	3.1806762129e+01
1.060915          	3.1987792099e+01
1.0617466         	3.2163627921e+01
1.0625782         	3.2332638235e+01
1.0634094         	3.2493114613e+01
1.06424           	3.2643513754e+01
1.0650707         	3.2782636882e+01
1.0659014         	3.2909470464e+01
1.066732          	3.3023361858e+01
1.0675623         	3.3124033553e+01
1.0683919         	3.3211703821e+01
1.0692215         	3.3287178539e+01
1.0700511         	3.3351692222e+01
1.0708797         	3.3406920483e+01
1.0717081         	3.3455182013e+01
1.0725366         	3.3499169715e+01
1.0733638         	3.3541912065e+01
1.0741911         	3.3586884659e+01
1.0750181         	3.3637746399e+01
1.0758439         	3.3698253243e+01
1.0766698         	3.3772396398e+01
1.0774949         	3.3864029486e+01
1.0783192         	3.3977005634e+01
1.0791436         	3.4115139183e+01
1.0799665         	3.4281596829e+01
1.0807892         	3.4479610594e+01
1.0816116         	3.4711545388e+01
1.0824325         	3.4978643318e+01
1.0832534         	3.5281983231e+01
1.0840735         	3.5620836022e+01
1.0848923         	3.5993434233e+01
1.0857112         	3.6397686998e+01
1.0865293         	3.6829636561e+01
1.0873457         	3.7284244870e+01
1.0881621         	3.7757241816e+01
1.0889785         	3.8242945415e+01
1.0897932         	3.8734279704e+01
1.0906065         	3.9225284448e+01
1.0914198         	3.9710765855e+01
1.0922331         	4.0185002566e+01
1.0930464         	4.0642708687e+01
1.0938597         	4.1079170714e+01
1.0946729         	4.1490340350e+01
1.0954862         	4.1872921899e+01
1.0962995         	4.2224449241e+01
1.0971128         	4.2543271965e+01
1.0979261         	4.2828488076e+01
1.0987394         	4.3079825637e+01
1.0995527         	4.3297508659e+01
1.1003637         	4.3481676207e+01
1.1011718         	4.3633366246e+01
1.1019795         	4.3754214295e+01
1.102787          	4.3845287546e+01
1.1035941         	4.3907564183e+01
1.104401          	4.3941905432e+01
1.1052074         	4.3949045140e+01
1.1060135         	4.3929601150e+01
1.1068191         	4.3884105115e+01
1.1076243         	4.3813045674e+01
1.1084289         	4.3716942687e+01
1.109233          	4.3596431508e+01
1.1100365         	4.3452370766e+01
1.1108393         	4.3285876857e+01
1.1116416         	4.3098436409e+01
1.1124431         	4.2891916873e+01
1.113244          	4.2668525659e+01
1.1140441         	4.2430826887e+01
1.1148436         	4.2181624532e+01
1.1156424         	4.1923882992e+01
1.1164406         	4.1660627930e+01
1.1172381         	4.1394833100e+01
1.1180352         	4.1129244515e+01
1.1188317         	4.0866344187e+01
1.1196278         	4.0608159270e+01
1.1204234         	4.0356276713e+01
1.1212188         	4.0111822660e+01
1.1220138         	3.9875492367e+01
1.1228088         	3.9647456763e+01
1.1236034         	3.9427655097e+01
1.1243979         	3.9215493224e+01
1.1251925         	3.9010230101e+01
1.125987          	3.8810964777e+01
1.1267816         	3.8616714175e+01
1.1275762         	3.8426505993e+01
1.1283707         	3.8239470238e+01
1.1291653         	3.8054898649e+01
1.1299603         	3.7872191400e+01
1.1307553         	3.7691193137e+01
1.1315503         	3.7511942794e+01
1.1323453         	3.7334751146e+01
1.1331407         	3.7160086171e+01
1.1339362         	3.6988859464e+01
1.1347317         	3.6822075226e+01
1.1355272         	3.6660848160e+01
1.1363232         	3.6506313513e+01
1.1371192         	3.6359724369e+01
1.1379151         	3.6222162328e+01
1.1387115         	3.6094483236e+01
1.139508          	3.5977470673e+01
1.1403046         	3.5871556603e+01
1.1411016         	3.5776830871e+01
1.1418986         	3.5693135846e+01
1.1426961         	3.5619845690e+01
1.1434937         	3.5556059664e+01
1.1442918         	3.5500387450e+01
1.1450901         	3.5451121875e+01
1.1458888         	3.5406149304e+01
1.1466879         	3.5363042723e+01
1.1474874         	3.5319088158e+01
1.1482873         	3.5271335402e+01
1.1490877         	3.5216676661e+01
1.1498886         	3.5151924891e+01
1.1506899         	3.5073855067e+01
1.1514917         	3.4979278772e+01
1.1522941         	3.4865090588e+01
1.153097          	3.4728412648e+01
1.1539005         	3.4566649942e+01
1.1547044         	3.4377621764e+01
1.155509          	3.4159687124e+01
1.1563142         	3.3911822742e+01
1.1571201         	3.3633847472e+01
1.1579266         	3.3326367246e+01
1.1587337         	3.2990827644e+01
1.1595414         	3.2629485957e+01
1.1603497         	3.2245342940e+01
1.1611589         	3.1841942083e+01
1.1619688         	3.1423524739e+01
1.1627792         	3.0994637120e+01
1.1635901         	3.0560073036e+01
1.164402          	3.0124519032e+01
1.1652143         	2.9692955558e+01
1.1660271         	2.9270157064e+01
1.1668408         	2.8860193105e+01
1.1676547         	2.8467432096e+01
1.1684694         	2.8095042727e+01
1.1692842         	2.7746428117e+01
1.1700998         	2.7423665997e+01
1.1709157         	2.7128943480e+01
1.1717315         	2.6863586983e+01
1.1725483         	2.6628031915e+01
1.1733653         	2.6422811213e+01
1.1741824         	2.6247883398e+01
1.1749994         	2.6102945805e+01
1.1758173         	2.5987446404e+01
1.1766357         	2.5900987081e+01
1.1774541         	2.5843039758e+01
1.1782724         	2.5813005569e+01
1.1790913         	2.5810340413e+01
1.1799113         	2.5834632000e+01
1.1807312         	2.5885474841e+01
1.1815512         	2.5962437890e+01
1.1823723         	2.6065199397e+01
1.1831941         	2.6193130601e+01
1.1840159         	2.6345309433e+01
1.1848384         	2.6520730765e+01
1.1856624         	2.6718138434e+01
1.1864864         	2.6935308877e+01
1.1873104         	2.7169927064e+01
1.1881362         	2.7419884944e+01
1.1889629         	2.7682039555e+01
1.1897897         	2.7952974274e+01
1.1906164         	2.8229489294e+01
1.1914432         	2.8508455073e+01
1.1922699         	2.8786959483e+01
1.1930967         	2.9062437926e+01
1.1939263         	2.9333722100e+01
1.1947583         	2.9598971302e+01
1.1955903         	2.9856338182e+01
1.1964223         	3.0105217040e+01
1.1972544         	3.0345454745e+01
1.1980864         	3.0577292789e+01
1.1989184         	3.0801301704e+01
1.1997504         	3.1018285007e+01
