# Region type :   patch main_inlet
# Faces           : 348
# Area            : 8.2964479394e-02
# Scale factor    : 1.0000000000e+00
# Time            	sum(phi)
0.0022201342      	-3.3865795441e+01
0.0092362185      	-3.3869432962e+01
0.01329353        	-3.3869911615e+01
0.017032701       	-3.3877219071e+01
0.020824973       	-3.3883821608e+01
0.02425977        	-3.3887609757e+01
0.02755924        	-3.3888564032e+01
0.030546514       	-3.3887556152e+01
0.03329083        	-3.3887084769e+01
0.035986112       	-3.3885880058e+01
0.038646928       	-3.3884271589e+01
0.041237274       	-3.3884433834e+01
0.043779756       	-3.3885832655e+01
0.046250846       	-3.3886653369e+01
0.048613841       	-3.3886755977e+01
0.050901729       	-3.3886891221e+01
0.053161592       	-3.3887193279e+01
0.055398989       	-3.3887442887e+01
0.057607046       	-3.3887785754e+01
0.059791216       	-3.3888385524e+01
0.061940518       	-3.3888920056e+01
0.064031554       	-3.3888913606e+01
0.066061852       	-3.3888165761e+01
0.068047089       	-3.3886405055e+01
0.069995134       	-3.3882671886e+01
0.071910281       	-3.3874887636e+01
0.07380231        	-3.3859384886e+01
0.075680105       	-3.3830824331e+01
0.077539503       	-3.3784202421e+01
0.079373814       	-3.3718821827e+01
0.081183256       	-3.3641122786e+01
0.08297507        	-3.3563773046e+01
0.084752428       	-3.3501390085e+01
0.086517486       	-3.3463516343e+01
0.088272663       	-3.3449399852e+01
0.09001732        	-3.3449174467e+01
0.091743793       	-3.3451590522e+01
0.093447206       	-3.3451214915e+01
0.095127409       	-3.3448322129e+01
0.096781083       	-3.3444622247e+01
0.09843181        	-3.3440857182e+01
0.10008137        	-3.3437237323e+01
0.10170691        	-3.3434104753e+01
0.10332816        	-3.3431735755e+01
0.10494243        	-3.3430232303e+01
0.10654737        	-3.3429501205e+01
0.10814182        	-3.3429416101e+01
0.10972515        	-3.3429858900e+01
0.11129903        	-3.3430672639e+01
0.11286693        	-3.3431677097e+01
0.11443111        	-3.3432749110e+01
0.11599079        	-3.3433825120e+01
0.11754478        	-3.3434820012e+01
0.11909147        	-3.3435605490e+01
0.12062904        	-3.3436098085e+01
0.12215766        	-3.3436330950e+01
0.12367987        	-3.3436423665e+01
0.12519791        	-3.3436508253e+01
0.12671249        	-3.3436664369e+01
0.12822341        	-3.3436875967e+01
0.12972916        	-3.3437045038e+01
0.13122777        	-3.3437071531e+01
0.13271891        	-3.3436912048e+01
0.13420429        	-3.3436555738e+01
0.13568575        	-3.3435989062e+01
0.13716482        	-3.3435218854e+01
0.13864155        	-3.3434312636e+01
0.14011517        	-3.3433403467e+01
0.14158463        	-3.3432670835e+01
0.14305087        	-3.3432321567e+01
0.14451581        	-3.3432585329e+01
0.1459823         	-3.3433759815e+01
0.14745128        	-3.3436317950e+01
0.14892118        	-3.3441019716e+01
0.15039107        	-3.3448990676e+01
0.15185867        	-3.3461715238e+01
0.15332347        	-3.3480920620e+01
0.1547861         	-3.3508242793e+01
0.15624577        	-3.3544615422e+01
0.15770034        	-3.3589556642e+01
0.15914792        	-3.3640703050e+01
0.16058786        	-3.3693910576e+01
0.16202099        	-3.3744088752e+01
0.16344833        	-3.3786503781e+01
0.16486832        	-3.3818083968e+01
0.16627873        	-3.3838299549e+01
0.16767759        	-3.3848981875e+01
0.16906414        	-3.3853310596e+01
0.1704376         	-3.3854553402e+01
0.17179527        	-3.3855144791e+01
0.17313264        	-3.3856341658e+01
0.1744445         	-3.3858413629e+01
0.17572672        	-3.3861113783e+01
0.17697529        	-3.3864090083e+01
0.17818528        	-3.3867068824e+01
0.17935189        	-3.3869868086e+01
0.18047           	-3.3872365422e+01
0.18153739        	-3.3874487948e+01
0.18255379        	-3.3876208886e+01
0.18352157        	-3.3877542869e+01
0.18444449        	-3.3878530410e+01
0.18532572        	-3.3879221861e+01
0.1861697         	-3.3879668732e+01
0.1869803         	-3.3879916815e+01
0.18776184        	-3.3880006923e+01
0.18851838        	-3.3879976739e+01
0.18925339        	-3.3879863033e+01
0.18997039        	-3.3879701997e+01
0.19067224        	-3.3879528438e+01
0.19136102        	-3.3879374451e+01
0.19203886        	-3.3879267868e+01
0.1927069         	-3.3879231453e+01
0.19336635        	-3.3879282384e+01
0.19401838        	-3.3879432004e+01
0.19466355        	-3.3879684893e+01
0.19530352        	-3.3880039986e+01
0.19593856        	-3.3880491918e+01
0.19656932        	-3.3881033515e+01
0.1971988         	-3.3881658572e+01
0.19782213        	-3.3882351921e+01
0.19844438        	-3.3883107546e+01
0.19906663        	-3.3883911125e+01
0.19968888        	-3.3884739786e+01
0.200308          	-3.3885563793e+01
0.20092287        	-3.3886360091e+01
0.20153648        	-3.3887113959e+01
0.20214908        	-3.3887808021e+01
0.202761          	-3.3888429507e+01
0.20337249        	-3.3888974291e+01
0.20398386        	-3.3889446066e+01
0.20459523        	-3.3889852808e+01
0.20520661        	-3.3890204222e+01
0.20581815        	-3.3890510068e+01
0.20642987        	-3.3890778941e+01
0.20704186        	-3.3891018498e+01
0.20765417        	-3.3891236146e+01
0.20826693        	-3.3891440093e+01
0.20888028        	-3.3891640331e+01
0.20949437        	-3.3891849153e+01
0.21010934        	-3.3892080599e+01
0.21072529        	-3.3892348509e+01
0.21134229        	-3.3892664063e+01
0.21196045        	-3.3893034607e+01
0.2125799         	-3.3893463629e+01
0.21320061        	-3.3893949881e+01
0.21382244        	-3.3894486292e+01
0.21444534        	-3.3895061458e+01
0.21506938        	-3.3895663137e+01
0.21569458        	-3.3896280602e+01
0.21632102        	-3.3896904681e+01
0.21694873        	-3.3897526898e+01
0.21757776        	-3.3898138476e+01
0.21820802        	-3.3898728871e+01
0.21883945        	-3.3899284478e+01
0.21947196        	-3.3899787926e+01
0.22010543        	-3.3900218134e+01
0.2207398         	-3.3900550997e+01
0.22137503        	-3.3900760389e+01
0.2220111         	-3.3900819485e+01
0.22264803        	-3.3900701437e+01
0.22328582        	-3.3900378869e+01
0.2239244         	-3.3899822077e+01
0.22456373        	-3.3898996636e+01
0.22520378        	-3.3897861528e+01
0.22584445        	-3.3896367785e+01
0.2264857         	-3.3894455863e+01
0.22712754        	-3.3892052840e+01
0.22777002        	-3.3889071770e+01
0.22841323        	-3.3885414233e+01
0.22905731        	-3.3880972549e+01
0.22970244        	-3.3875632223e+01
0.23034874        	-3.3869274191e+01
0.23099633        	-3.3861777920e+01
0.23164529        	-3.3853026132e+01
0.23229574        	-3.3842909263e+01
0.23294777        	-3.3831335410e+01
0.23360143        	-3.3818236934e+01
0.2342569         	-3.3803578069e+01
0.23491425        	-3.3787367248e+01
0.2355736         	-3.3769662890e+01
0.23623507        	-3.3750580230e+01
0.2368987         	-3.3730296827e+01
0.23756454        	-3.3709052027e+01
0.23823254        	-3.3687145546e+01
0.23890264        	-3.3664925094e+01
0.23957474        	-3.3642773909e+01
0.24024885        	-3.3621090454e+01
0.24092487        	-3.3600274936e+01
0.24160283        	-3.3580699054e+01
0.24228276        	-3.3562687712e+01
0.24296466        	-3.3546497684e+01
0.24364845        	-3.3532301372e+01
0.24433408        	-3.3520172695e+01
0.24502145        	-3.3510084768e+01
0.24571045        	-3.3501913279e+01
0.24640096        	-3.3495450640e+01
0.2470929         	-3.3490428758e+01
0.24778622        	-3.3486546213e+01
0.24848086        	-3.3483495344e+01
0.24917683        	-3.3480986934e+01
0.24987407        	-3.3478770576e+01
0.25057264        	-3.3476646466e+01
0.25127243        	-3.3474472496e+01
0.25197345        	-3.3472162433e+01
0.25267567        	-3.3469680635e+01
0.25337917        	-3.3467031860e+01
0.254084          	-3.3464249403e+01
0.2547903         	-3.3461382520e+01
0.25549822        	-3.3458486699e+01
0.2562079         	-3.3455616513e+01
0.25691957        	-3.3452819725e+01
0.25763324        	-3.3450136199e+01
0.25834914        	-3.3447596324e+01
0.25906727        	-3.3445224400e+01
0.2597877         	-3.3443039552e+01
0.26051056        	-3.3441057874e+01
0.26123591        	-3.3439293276e+01
0.26196382        	-3.3437755997e+01
0.26269431        	-3.3436450799e+01
0.26342746        	-3.3435373937e+01
0.26416315        	-3.3434512442e+01
0.26490145        	-3.3433843852e+01
0.26564225        	-3.3433338915e+01
0.26638549        	-3.3432964150e+01
0.26713121        	-3.3432684214e+01
0.26787938        	-3.3432462926e+01
0.26863005        	-3.3432263288e+01
0.26938329        	-3.3432048948e+01
0.27013913        	-3.3431786702e+01
0.27089756        	-3.3431447429e+01
0.27165852        	-3.3431006296e+01
0.27242209        	-3.3430444793e+01
0.27318826        	-3.3429753794e+01
0.27395702        	-3.3428934766e+01
0.2747285         	-3.3427998785e+01
0.27550259        	-3.3426965151e+01
0.27627938        	-3.3425858382e+01
0.27705891        	-3.3424705980e+01
0.27784122        	-3.3423536944e+01
0.27862624        	-3.3422380495e+01
0.27941401        	-3.3421264070e+01
0.28020436        	-3.3420211311e+01
0.28099731        	-3.3419238666e+01
0.28179317        	-3.3418352982e+01
0.28259166        	-3.3417551267e+01
0.28339289        	-3.3416820322e+01
0.28419664        	-3.3416140499e+01
0.28500337        	-3.3415488905e+01
0.2858126         	-3.3414844876e+01
0.28662451        	-3.3414191444e+01
0.28743901        	-3.3413516913e+01
0.28825616        	-3.3412814190e+01
0.28907603        	-3.3412080177e+01
0.28989868        	-3.3411315636e+01
0.290724          	-3.3410525723e+01
0.29155222        	-3.3409719578e+01
0.29238395        	-3.3408909481e+01
0.29321826        	-3.3408111317e+01
0.29405551        	-3.3407340336e+01
0.29489711        	-3.3406610556e+01
0.29574056        	-3.3405939582e+01
0.29658991        	-3.3405342772e+01
0.29744243        	-3.3404847696e+01
0.29829495        	-3.3404491117e+01
0.29914748        	-3.3404319486e+01
0.3               	-3.3404391630e+01
0.30087212        	-3.3404791965e+01
0.30174995        	-3.3405617876e+01
0.30263384        	-3.3406985751e+01
0.303524          	-3.3409036726e+01
0.30442049        	-3.3411943093e+01
0.30532328        	-3.3415913819e+01
0.30623227        	-3.3421196257e+01
0.30714718        	-3.3428071827e+01
0.30806764        	-3.3436844334e+01
0.3089932         	-3.3447819631e+01
0.30992301        	-3.3461272268e+01
0.3108566         	-3.3477420988e+01
0.31179355        	-3.3496387449e+01
0.31273348        	-3.3518152156e+01
0.31367601        	-3.3542511967e+01
0.31462107        	-3.3569063868e+01
0.31556863        	-3.3597199510e+01
0.31651866        	-3.3626131486e+01
0.31747133        	-3.3654953433e+01
0.3184268         	-3.3682716526e+01
0.3193852         	-3.3708521558e+01
0.32034685        	-3.3731624789e+01
0.32131212        	-3.3751515152e+01
0.32228143        	-3.3767967859e+01
0.32325511        	-3.3781050250e+01
0.32423364        	-3.3791093262e+01
0.32521735        	-3.3798623660e+01
0.32620658        	-3.3804275416e+01
0.32720172        	-3.3808692993e+01
0.32820295        	-3.3812445693e+01
0.32921026        	-3.3815967521e+01
0.33022355        	-3.3819530717e+01
0.33124246        	-3.3823251735e+01
0.33226641        	-3.3827122385e+01
0.33329468        	-3.3831052750e+01
0.33432656        	-3.3834916654e+01
0.33536132        	-3.3838585210e+01
0.33639816        	-3.3841947868e+01
0.33743635        	-3.3844921621e+01
0.33847561        	-3.3847454162e+01
0.33951554        	-3.3849522879e+01
0.34055568        	-3.3851134465e+01
0.34159633        	-3.3852326871e+01
0.34263739        	-3.3853166351e+01
0.34367865        	-3.3853742685e+01
0.34472067        	-3.3854159907e+01
0.3457627         	-3.3854526724e+01
0.34680533        	-3.3854947834e+01
0.34784836        	-3.3855510942e+01
0.34889139        	-3.3856282946e+01
0.34993442        	-3.3857310912e+01
0.35097746        	-3.3858617556e+01
0.35202049        	-3.3860197228e+01
0.35306335        	-3.3862016209e+01
0.35410523        	-3.3864015565e+01
0.35514711        	-3.3866123031e+01
0.35618874        	-3.3868256148e+01
0.35722939        	-3.3870334085e+01
0.35827004        	-3.3872292119e+01
0.35931009        	-3.3874082435e+01
0.36034943        	-3.3875682665e+01
0.36138876        	-3.3877095905e+01
0.36242809        	-3.3878344438e+01
0.36346627        	-3.3879462652e+01
0.36450416        	-3.3880491943e+01
0.36554205        	-3.3881470668e+01
0.36657994        	-3.3882429954e+01
0.36761638        	-3.3883390094e+01
0.36865265        	-3.3884363357e+01
0.36968781        	-3.3885349240e+01
0.37072199        	-3.3886338603e+01
0.37175454        	-3.3887312611e+01
0.37278501        	-3.3888243315e+01
0.37381304        	-3.3889093551e+01
0.37483825        	-3.3889815087e+01
0.37586002        	-3.3890345794e+01
0.3768777         	-3.3890607735e+01
0.37789092        	-3.3890505536e+01
0.37889928        	-3.3889924304e+01
0.37990249        	-3.3888728377e+01
0.38090046        	-3.3886760836e+01
0.38189311        	-3.3883843547e+01
0.38288077        	-3.3879776543e+01
0.38386332        	-3.3874343876e+01
0.38484201        	-3.3867309738e+01
0.38581663        	-3.3858445920e+01
0.3867881         	-3.3847531356e+01
0.38775684        	-3.3834384740e+01
0.38872468        	-3.3818862913e+01
0.38969207        	-3.3800924855e+01
0.39065543        	-3.3780733559e+01
0.39161879        	-3.3758434799e+01
0.39258214        	-3.3734388155e+01
0.3935455         	-3.3709091896e+01
0.39450886        	-3.3683161015e+01
0.39547222        	-3.3657288465e+01
0.39643558        	-3.3632191443e+01
0.39739893        	-3.3608550691e+01
0.39836229        	-3.3586950918e+01
0.39932565        	-3.3567827567e+01
0.40028786        	-3.3551445597e+01
0.40124638        	-3.3537871189e+01
0.40220306        	-3.3526906214e+01
0.40315773        	-3.3518233869e+01
0.40411027        	-3.3511436828e+01
0.40506049        	-3.3506060025e+01
0.40600839        	-3.3501664309e+01
0.406954          	-3.3497872706e+01
0.4078974         	-3.3494399031e+01
0.40883881        	-3.3491055821e+01
0.40977844        	-3.3487746917e+01
0.41071659        	-3.3484450290e+01
0.41165357        	-3.3481196044e+01
0.41258974        	-3.3478044162e+01
0.41352561        	-3.3475065117e+01
0.41446121        	-3.3472327831e+01
0.41539708        	-3.3469886751e+01
0.41633329        	-3.3467779810e+01
0.41727008        	-3.3466024333e+01
0.41820769        	-3.3464617354e+01
0.41914602        	-3.3463536811e+01
0.42008529        	-3.3462741697e+01
0.42102527        	-3.3462175121e+01
0.42196617        	-3.3461767477e+01
0.42290784        	-3.3461442109e+01
0.42385041        	-3.3461120889e+01
0.42479376        	-3.3460730599e+01
0.42573797        	-3.3460207790e+01
0.42668305        	-3.3459502245e+01
0.42762905        	-3.3458579526e+01
0.42857601        	-3.3457422843e+01
0.42952403        	-3.3456033402e+01
0.43047308        	-3.3454429997e+01
0.43142326        	-3.3452646223e+01
0.43237459        	-3.3450727436e+01
0.43332707        	-3.3448726318e+01
0.43428066        	-3.3446698288e+01
0.43523547        	-3.3444696601e+01
0.43619137        	-3.3442768021e+01
0.43714839        	-3.3440948896e+01
0.43810649        	-3.3439262729e+01
0.43906564        	-3.3437719305e+01
0.44002573        	-3.3436314940e+01
0.44098686        	-3.3435034609e+01
0.44194901        	-3.3433855831e+01
0.44291211        	-3.3432752558e+01
0.44387619        	-3.3431698891e+01
0.44484139        	-3.3430672421e+01
0.44580778        	-3.3429656922e+01
0.44677546        	-3.3428643700e+01
0.44774464        	-3.3427632433e+01
0.44871557        	-3.3426631843e+01
0.44968853        	-3.3425660354e+01
0.45066381        	-3.3424746752e+01
0.45164184        	-3.3423931278e+01
0.45262294        	-3.3423268042e+01
0.45360762        	-3.3422826138e+01
0.45459628        	-3.3422691047e+01
0.45558938        	-3.3422967391e+01
0.45658729        	-3.3423784655e+01
0.45759026        	-3.3425300953e+01
0.45859872        	-3.3427704394e+01
0.45961249        	-3.3431211505e+01
0.46063169        	-3.3436067653e+01
0.46165593        	-3.3442538055e+01
0.46268484        	-3.3450897120e+01
0.46371795        	-3.3461408058e+01
0.46475467        	-3.3474294942e+01
0.4657943         	-3.3489708181e+01
0.46683629        	-3.3507692408e+01
0.46788001        	-3.3528147894e+01
0.46892456        	-3.3550800882e+01
0.46997079        	-3.3575239083e+01
0.4710171         	-3.3600833185e+01
0.47206381        	-3.3626878156e+01
0.47311207        	-3.3652627727e+01
0.47416086        	-3.3677281412e+01
0.47521123        	-3.3700163851e+01
0.47626362        	-3.3720729781e+01
0.47731812        	-3.3738625945e+01
0.47837519        	-3.3753727930e+01
0.47943564        	-3.3766130305e+01
0.48049954        	-3.3776100015e+01
0.48156693        	-3.3784035357e+01
0.48263834        	-3.3790402006e+01
0.48371407        	-3.3795661327e+01
0.48479373        	-3.3800214614e+01
0.48587705        	-3.3804368368e+01
0.48696343        	-3.3808316542e+01
0.48805372        	-3.3812152364e+01
0.48914471        	-3.3815869264e+01
0.49023569        	-3.3819414173e+01
0.49133053        	-3.3822721860e+01
0.49242793        	-3.3825707942e+01
0.49352533        	-3.3828302715e+01
0.49462273        	-3.3830471971e+01
0.49572013        	-3.3832215673e+01
0.49681754        	-3.3833566001e+01
0.49791494        	-3.3834582323e+01
0.49901234        	-3.3835347236e+01
0.50010864        	-3.3835957713e+01
0.50119403        	-3.3836508208e+01
0.50227811        	-3.3837092027e+01
0.50336087        	-3.3837783380e+01
0.50444229        	-3.3838638172e+01
0.50552228        	-3.3839687081e+01
0.50660082        	-3.3840937795e+01
0.50767793        	-3.3842378036e+01
0.50875344        	-3.3843976664e+01
0.5098275         	-3.3845690827e+01
0.51090005        	-3.3847471555e+01
0.51197106        	-3.3849269272e+01
0.51304063        	-3.3851039336e+01
0.51410876        	-3.3852748341e+01
0.51517547        	-3.3854378009e+01
0.51624083        	-3.3855921803e+01
0.51730488        	-3.3857383679e+01
0.51836762        	-3.3858779145e+01
0.51942913        	-3.3860130025e+01
0.5204893         	-3.3861458629e+01
0.5215481         	-3.3862784533e+01
0.52260536        	-3.3864121140e+01
0.52366097        	-3.3865472329e+01
0.52471468        	-3.3866830912e+01
0.52576629        	-3.3868177531e+01
0.52681545        	-3.3869480328e+01
0.52786176        	-3.3870695423e+01
0.52890489        	-3.3871767440e+01
0.52994444        	-3.3872628957e+01
0.53097995        	-3.3873199769e+01
0.53201113        	-3.3873386292e+01
0.53303764        	-3.3873080701e+01
0.53405925        	-3.3872159888e+01
0.53507586        	-3.3870485047e+01
0.53608741        	-3.3867902747e+01
0.53709405        	-3.3864246931e+01
0.53809597        	-3.3859343797e+01
0.53909349        	-3.3853018046e+01
0.5400871         	-3.3845101432e+01
0.54107714        	-3.3835447525e+01
0.5420642         	-3.3823942526e+01
0.5430487         	-3.3810525127e+01
0.54403125        	-3.3795197619e+01
0.54501212        	-3.3778047891e+01
0.54599177        	-3.3759249534e+01
0.5469704         	-3.3739070376e+01
0.54794822        	-3.3717862411e+01
0.54892534        	-3.3696049448e+01
0.54990182        	-3.3674105912e+01
0.55087744        	-3.3652530433e+01
0.55185214        	-3.3631802094e+01
0.55282586        	-3.3612347801e+01
0.55379821        	-3.3594516792e+01
0.55476924        	-3.3578544495e+01
0.5557385         	-3.3564554486e+01
0.55670601        	-3.3552541316e+01
0.55767158        	-3.3542394584e+01
0.55863506        	-3.3533916975e+01
0.55959636        	-3.3526854742e+01
0.56055549        	-3.3520929346e+01
0.56151247        	-3.3515867717e+01
0.56246748        	-3.3511425554e+01
0.56342062        	-3.3507405897e+01
0.56437209        	-3.3503665876e+01
0.56532204        	-3.3500117097e+01
0.56627082        	-3.3496718105e+01
0.56721853        	-3.3493465924e+01
0.56816597        	-3.3490380922e+01
0.56911341        	-3.3487499515e+01
0.57006085        	-3.3484863120e+01
0.57100829        	-3.3482507806e+01
0.57195573        	-3.3480458752e+01
0.57290318        	-3.3478725781e+01
0.57385179        	-3.3477300571e+01
0.57480091        	-3.3476162103e+01
0.57575049        	-3.3475274204e+01
0.57670145        	-3.3474588606e+01
0.57765241        	-3.3474050602e+01
0.57860511        	-3.3473600817e+01
0.57955811        	-3.3473183722e+01
0.58051169        	-3.3472748251e+01
0.581467          	-3.3472250888e+01
0.58242231        	-3.3471660403e+01
0.58337869        	-3.3470956627e+01
0.58433669        	-3.3470131373e+01
0.58529469        	-3.3469189632e+01
0.58625384        	-3.3468143738e+01
0.58721511        	-3.3467013127e+01
0.58817638        	-3.3465825532e+01
0.58913765        	-3.3464607709e+01
0.59010178        	-3.3463381148e+01
0.59106746        	-3.3462169093e+01
0.59203314        	-3.3460989109e+01
0.59299882        	-3.3459849769e+01
0.5939645         	-3.3458752301e+01
0.59493018        	-3.3457691040e+01
0.59589586        	-3.3456655125e+01
0.59686154        	-3.3455629958e+01
0.59782722        	-3.3454599243e+01
0.5987929         	-3.3453548160e+01
0.59975858        	-3.3452465495e+01
0.60073195        	-3.3451336453e+01
0.60170924        	-3.3450167424e+01
0.60268838        	-3.3448972874e+01
0.60366952        	-3.3447774705e+01
0.60465299        	-3.3446606835e+01
0.60563908        	-3.3445517321e+01
0.60662814        	-3.3444568572e+01
0.60762049        	-3.3443837809e+01
0.60861651        	-3.3443419393e+01
0.6096165         	-3.3443426053e+01
0.61062077        	-3.3443989633e+01
0.61162957        	-3.3445261872e+01
0.61264301        	-3.3447413678e+01
0.61366114        	-3.3450632194e+01
0.61468391        	-3.3455115366e+01
0.61571123        	-3.3461066144e+01
0.6167428         	-3.3468680923e+01
0.61777822        	-3.3478132304e+01
0.61881714        	-3.3489551991e+01
0.61985908        	-3.3503010698e+01
0.62090351        	-3.3518497937e+01
0.62195001        	-3.3535907366e+01
0.62299833        	-3.3555028122e+01
0.62404812        	-3.3575537748e+01
0.62509921        	-3.3597017127e+01
0.6261516         	-3.3618972861e+01
0.62720534        	-3.3640873914e+01
0.62826045        	-3.3662189096e+01
0.62931712        	-3.3682428383e+01
0.63037569        	-3.3701181298e+01
0.63143639        	-3.3718145423e+01
0.63249965        	-3.3733152526e+01
0.63356568        	-3.3746166167e+01
0.63463479        	-3.3757275295e+01
0.6357072         	-3.3766668091e+01
0.63678293        	-3.3774597901e+01
0.63786214        	-3.3781348678e+01
0.63894479        	-3.3787196268e+01
0.64003066        	-3.3792379743e+01
0.64111948        	-3.3797082880e+01
0.64221083        	-3.3801425313e+01
0.64330419        	-3.3805464110e+01
0.64439908        	-3.3809205652e+01
0.64549472        	-3.3812621412e+01
0.64659141        	-3.3815670359e+01
0.64768809        	-3.3818309157e+01
0.64878391        	-3.3820510083e+01
0.64987938        	-3.3822270148e+01
0.65097372        	-3.3823609766e+01
0.65206708        	-3.3824575697e+01
0.65315931        	-3.3825234501e+01
0.6542504         	-3.3825667388e+01
0.65534025        	-3.3825959179e+01
0.65642891        	-3.3826189075e+01
0.65751627        	-3.3826427077e+01
0.65860232        	-3.3826730676e+01
0.65968709        	-3.3827139963e+01
0.66077047        	-3.3827674971e+01
0.66185244        	-3.3828338163e+01
0.66293302        	-3.3829118984e+01
0.66401212        	-3.3829997421e+01
0.66508968        	-3.3830947733e+01
0.66616574        	-3.3831942467e+01
0.66724035        	-3.3832956116e+01
0.66831363        	-3.3833968276e+01
0.66938564        	-3.3834965617e+01
0.67045608        	-3.3835942322e+01
0.67152514        	-3.3836900367e+01
0.6725932         	-3.3837847771e+01
0.67365961        	-3.3838795317e+01
0.6747245         	-3.3839755977e+01
0.67578827        	-3.3840741850e+01
0.67685019        	-3.3841760258e+01
0.67791014        	-3.3842812857e+01
0.67896818        	-3.3843892900e+01
0.68002397        	-3.3844982316e+01
0.68107725        	-3.3846050224e+01
0.68212745        	-3.3847051266e+01
0.68317443        	-3.3847925256e+01
0.68421782        	-3.3848595559e+01
0.68525744        	-3.3848969066e+01
0.68629304        	-3.3848936563e+01
0.68732437        	-3.3848374124e+01
0.68835113        	-3.3847145600e+01
0.68937337        	-3.3845105190e+01
0.69039095        	-3.3842102415e+01
0.69140442        	-3.3837984833e+01
0.69241501        	-3.3832601149e+01
0.69341964        	-3.3825840943e+01
0.69442428        	-3.3817555576e+01
0.69542147        	-3.3807736905e+01
0.6964168         	-3.3796308363e+01
0.69741214        	-3.3783262679e+01
0.69840747        	-3.3768670995e+01
0.6994028         	-3.3752670875e+01
0.7003955         	-3.3735511840e+01
0.70138344        	-3.3717502513e+01
0.7023703         	-3.3698891027e+01
0.70335616        	-3.3680017991e+01
0.70434101        	-3.3661240432e+01
0.70532483        	-3.3642909022e+01
0.70630752        	-3.3625347543e+01
0.707289          	-3.3608831910e+01
0.70826908        	-3.3593575794e+01
0.70924767        	-3.3579719343e+01
0.71022463        	-3.3567327622e+01
0.71119981        	-3.3556391194e+01
0.71217323        	-3.3546834123e+01
0.71314476        	-3.3538532992e+01
0.71411442        	-3.3531332213e+01
0.71508228        	-3.3525064761e+01
0.7160484         	-3.3519567285e+01
0.71701283        	-3.3514692505e+01
0.71797581        	-3.3510318292e+01
0.71893746        	-3.3506353568e+01
0.71989803        	-3.3502737399e+01
0.72085765        	-3.3499436767e+01
0.7218166         	-3.3496439465e+01
0.72277514        	-3.3493747547e+01
0.72373327        	-3.3491371210e+01
0.72469139        	-3.3489320318e+01
0.72564951        	-3.3487599821e+01
0.72660826        	-3.3486205145e+01
0.72756722        	-3.3485122497e+01
0.72852669        	-3.3484325701e+01
0.72948674        	-3.3483779008e+01
0.73044745        	-3.3483438598e+01
0.73140885        	-3.3483254802e+01
0.73237099        	-3.3483176203e+01
0.73333389        	-3.3483153780e+01
0.73429756        	-3.3483143315e+01
0.735262          	-3.3483107195e+01
0.73622727        	-3.3483015782e+01
0.73719338        	-3.3482848354e+01
0.73816045        	-3.3482593339e+01
0.73912847        	-3.3482247586e+01
0.74009742        	-3.3481814807e+01
0.74106727        	-3.3481303751e+01
0.74203816        	-3.3480726691e+01
0.74301011        	-3.3480097991e+01
0.74398301        	-3.3479432239e+01
0.74495688        	-3.3478742513e+01
0.74593175        	-3.3478039343e+01
0.74690758        	-3.3477329963e+01
0.74788448        	-3.3476617735e+01
0.7488624         	-3.3475902419e+01
0.74984135        	-3.3475180785e+01
0.7508214         	-3.3474447301e+01
0.75180257        	-3.3473695745e+01
0.75278489        	-3.3472920774e+01
0.7537687         	-3.3472119667e+01
0.75475397        	-3.3471294816e+01
0.75574097        	-3.3470455037e+01
0.75672984        	-3.3469617801e+01
0.75772081        	-3.3468811150e+01
0.75871416        	-3.3468075578e+01
0.75971016        	-3.3467465767e+01
0.76070893        	-3.3467051956e+01
0.76171101        	-3.3466920550e+01
0.76271651        	-3.3467174841e+01
0.76372562        	-3.3467934413e+01
0.76473868        	-3.3469334307e+01
0.76575569        	-3.3471522197e+01
0.76677663        	-3.3474655086e+01
0.76780175        	-3.3478895608e+01
0.76883071        	-3.3484401836e+01
0.76986343        	-3.3491320506e+01
0.77089969        	-3.3499774804e+01
0.7719391         	-3.3509850446e+01
0.7729814         	-3.3521585758e+01
0.77402612        	-3.3534956368e+01
0.77507315        	-3.3549873982e+01
0.77612206        	-3.3566171716e+01
0.77717236        	-3.3583606813e+01
0.77822432        	-3.3601883916e+01
0.77927759        	-3.3620647666e+01
0.78033217        	-3.3639519739e+01
0.78138806        	-3.3658117562e+01
0.78244555        	-3.3676082153e+01
0.78350454        	-3.3693088383e+01
0.78456534        	-3.3708880009e+01
0.78562858        	-3.3723282558e+01
0.78669313        	-3.3736184567e+01
0.78776135        	-3.3747600202e+01
0.78883049        	-3.3757560463e+01
0.78990448        	-3.3766217917e+01
0.79097847        	-3.3773687796e+01
0.79205861        	-3.3780181985e+01
0.79313907        	-3.3785830878e+01
0.79421953        	-3.3790786079e+01
0.79529999        	-3.3795169740e+01
0.79638045        	-3.3799068099e+01
0.79746092        	-3.3802532934e+01
0.79854138        	-3.3805588506e+01
0.79962184        	-3.3808240970e+01
0.80070845        	-3.3810499833e+01
0.80179837        	-3.3812353056e+01
0.80288789        	-3.3813799617e+01
0.8039768         	-3.3814859091e+01
0.80506488        	-3.3815566882e+01
0.80615203        	-3.3815972627e+01
0.80723807        	-3.3816137082e+01
0.80832304        	-3.3816126035e+01
0.80940681        	-3.3816003766e+01
0.81048936        	-3.3815831100e+01
0.81157067        	-3.3815662127e+01
0.81265065        	-3.3815539705e+01
0.81372937        	-3.3815491881e+01
0.81480674        	-3.3815531367e+01
0.81588275        	-3.3815662011e+01
0.81695738        	-3.3815883056e+01
0.81803063        	-3.3816186653e+01
0.81910247        	-3.3816559770e+01
0.82017297        	-3.3816988459e+01
0.8212421         	-3.3817459594e+01
0.82230989        	-3.3817962748e+01
0.82337637        	-3.3818491523e+01
0.82444158        	-3.3819043815e+01
0.82550541        	-3.3819621133e+01
0.8265679         	-3.3820227439e+01
0.82762902        	-3.3820867312e+01
0.82868862        	-3.3821544039e+01
0.82974661        	-3.3822257886e+01
0.83080285        	-3.3823003991e+01
0.83185716        	-3.3823770048e+01
0.83290931        	-3.3824533937e+01
0.83395907        	-3.3825261899e+01
0.83500621        	-3.3825907635e+01
0.83605053        	-3.3826411832e+01
0.83709171        	-3.3826701772e+01
0.83812953        	-3.3826691887e+01
0.83916389        	-3.3826284573e+01
0.84019452        	-3.3825371702e+01
0.84122143        	-3.3823837008e+01
0.84224455        	-3.3821559799e+01
0.84326396        	-3.3818418527e+01
0.84427972        	-3.3814295922e+01
0.84529198        	-3.3809084003e+01
0.84630088        	-3.3802690126e+01
0.84730676        	-3.3795041828e+01
0.84830986        	-3.3786095066e+01
0.84931053        	-3.3775839250e+01
0.85030899        	-3.3764304345e+01
0.85130544        	-3.3751562679e+01
0.85230032        	-3.3737726513e+01
0.8532937         	-3.3722955385e+01
0.85428586        	-3.3707444096e+01
0.85527689        	-3.3691421697e+01
0.85626688        	-3.3675138948e+01
0.85725587        	-3.3658857562e+01
0.85824388        	-3.3642836439e+01
0.85923084        	-3.3627320388e+01
0.86021668        	-3.3612525794e+01
0.86120135        	-3.3598629247e+01
0.86218471        	-3.3585762850e+01
0.86316673        	-3.3574007118e+01
0.86414731        	-3.3563394367e+01
0.86512648        	-3.3553910095e+01
0.86610421        	-3.3545502044e+01
0.86708047        	-3.3538088971e+01
0.86805534        	-3.3531570704e+01
0.86902889        	-3.3525840189e+01
0.87000129        	-3.3520791472e+01
0.87097213        	-3.3516331160e+01
0.87194221        	-3.3512374764e+01
0.8729114         	-3.3508859889e+01
0.87388049        	-3.3505738046e+01
0.87484788        	-3.3502983762e+01
0.87581527        	-3.3500573781e+01
0.87678265        	-3.3498498687e+01
0.87775004        	-3.3496751319e+01
0.87871743        	-3.3495323204e+01
0.87968482        	-3.3494202982e+01
0.88065351        	-3.3493375260e+01
0.88162326        	-3.3492820768e+01
0.88259301        	-3.3492511504e+01
0.88356276        	-3.3492410906e+01
0.88453427        	-3.3492477536e+01
0.88550696        	-3.3492667974e+01
0.88647964        	-3.3492939000e+01
0.88745233        	-3.3493250746e+01
0.88842773        	-3.3493568868e+01
0.88940429        	-3.3493863430e+01
0.89038086        	-3.3494111674e+01
0.89135742        	-3.3494298585e+01
0.89233398        	-3.3494415949e+01
0.89331358        	-3.3494461222e+01
0.89429687        	-3.3494435172e+01
0.89528017        	-3.3494341475e+01
0.89626347        	-3.3494185737e+01
0.89724677        	-3.3493974551e+01
0.89823006        	-3.3493714867e+01
0.89921336        	-3.3493413345e+01
0.90019763        	-3.3493075068e+01
0.90118626        	-3.3492701783e+01
0.90217603        	-3.3492295439e+01
0.90316706        	-3.3491855605e+01
0.90415925        	-3.3491381329e+01
0.90515281        	-3.3490871941e+01
0.9061478         	-3.3490329104e+01
0.90714433        	-3.3489758359e+01
0.90814251        	-3.3489170920e+01
0.90914251        	-3.3488585316e+01
0.91014456        	-3.3488027670e+01
0.91114884        	-3.3487533467e+01
0.91215554        	-3.3487150514e+01
0.91316491        	-3.3486939773e+01
0.91417716        	-3.3486975121e+01
0.91519255        	-3.3487343739e+01
0.91621123        	-3.3488146179e+01
0.91723337        	-3.3489494325e+01
0.91825908        	-3.3491508882e+01
0.91928844        	-3.3494317258e+01
0.92032149        	-3.3498049448e+01
0.92135817        	-3.3502831843e+01
0.92239842        	-3.3508780299e+01
0.92344205        	-3.3515991267e+01
0.92448879        	-3.3524533096e+01
0.92553848        	-3.3534439761e+01
0.92659079        	-3.3545701269e+01
0.92764549        	-3.3558259782e+01
0.92870231        	-3.3572004967e+01
0.92976097        	-3.3586773086e+01
0.93082134        	-3.3602352497e+01
0.93188322        	-3.3618489247e+01
0.9329466         	-3.3634906489e+01
0.93401141        	-3.3651315889e+01
0.93507776        	-3.3667433244e+01
0.93614561        	-3.3682990474e+01
0.93721516        	-3.3697758432e+01
0.93828649        	-3.3711551381e+01
0.93935973        	-3.3724237408e+01
0.94043506        	-3.3735743131e+01
0.94151253        	-3.3746050228e+01
0.94259229        	-3.3755189966e+01
0.94367429        	-3.3763229845e+01
0.94475848        	-3.3770264142e+01
0.94584479        	-3.3776401065e+01
0.94693302        	-3.3781749515e+01
0.94802309        	-3.3786411066e+01
0.94911458        	-3.3790470639e+01
0.95020731        	-3.3793995044e+01
0.95130076        	-3.3797031187e+01
0.95239513        	-3.3799611820e+01
0.95348949        	-3.3801756106e+01
0.95458386        	-3.3803480444e+01
0.95567822        	-3.3804802506e+01
0.9567713         	-3.3805744243e+01
0.95786418        	-3.3806337743e+01
0.95895578        	-3.3806621694e+01
0.96004643        	-3.3806642119e+01
0.96113611        	-3.3806449799e+01
0.96222466        	-3.3806099474e+01
0.96331172        	-3.3805646700e+01
0.96439749        	-3.3805142930e+01
0.96548201        	-3.3804631522e+01
0.96656525        	-3.3804146385e+01
0.96764719        	-3.3803713074e+01
0.96872742        	-3.3803349259e+01
0.96980624        	-3.3803064380e+01
0.9708839         	-3.3802861076e+01
0.97196028        	-3.3802737335e+01
0.9730347         	-3.3802688774e+01
0.97410814        	-3.3802709987e+01
0.97518026        	-3.3802795413e+01
0.97625053        	-3.3802940100e+01
0.9773202         	-3.3803140614e+01
0.97838748        	-3.3803394303e+01
0.97945422        	-3.3803700360e+01
0.98051877        	-3.3804057346e+01
0.98158226        	-3.3804463541e+01
0.9826438         	-3.3804913663e+01
0.98370368        	-3.3805398202e+01
0.98476188        	-3.3805901035e+01
0.98581746        	-3.3806397585e+01
0.98687193        	-3.3806855107e+01
0.98792237        	-3.3807228855e+01
0.98897162        	-3.3807465442e+01
0.99001696        	-3.3807498781e+01
0.99105999        	-3.3807253040e+01
0.99209952        	-3.3806642891e+01
0.99313646        	-3.3805574366e+01
0.99416857        	-3.3803951842e+01
0.99520068        	-3.3801664899e+01
0.99622833        	-3.3798621358e+01
0.9972477         	-3.3794745335e+01
0.99826707        	-3.3789922755e+01
0.99928644        	-3.3784073795e+01
1.0003039         	-3.3777151929e+01
1.0013152         	-3.3769162438e+01
1.0023241         	-3.3760080933e+01
1.0033308         	-3.3749936415e+01
1.0043356         	-3.3738788105e+01
1.0053387         	-3.3726729078e+01
1.0063402         	-3.3713882236e+01
1.0073404         	-3.3700400283e+01
1.0083393         	-3.3686457926e+01
1.0093371         	-3.3672246706e+01
1.0103338         	-3.3657967041e+01
1.0113294         	-3.3643820888e+01
1.0123239         	-3.3629999979e+01
1.0133174         	-3.3616678220e+01
1.0143097         	-3.3604005367e+01
1.0153009         	-3.3592100787e+01
1.0162909         	-3.3581050771e+01
1.0172797         	-3.3570906396e+01
1.0182672         	-3.3561686477e+01
1.0192535         	-3.3553379903e+01
1.0202386         	-3.3545950206e+01
1.0212224         	-3.3539343165e+01
1.0222051         	-3.3533493110e+01
1.0231867         	-3.3528328959e+01
1.0241674         	-3.3523781286e+01
1.0251473         	-3.3519785760e+01
1.0261264         	-3.3516286210e+01
1.0271049         	-3.3513235941e+01
1.028083          	-3.3510597449e+01
1.0290608         	-3.3508342768e+01
1.0300386         	-3.3506449704e+01
1.0310164         	-3.3504899137e+01
1.0319942         	-3.3503673188e+01
1.0329726         	-3.3502754476e+01
1.0339512         	-3.3502126149e+01
1.0349304         	-3.3501766367e+01
1.0359103         	-3.3501647983e+01
1.0368908         	-3.3501739055e+01
1.0378721         	-3.3502004063e+01
1.0388541         	-3.3502405564e+01
1.039837          	-3.3502906024e+01
1.0408207         	-3.3503469306e+01
1.0418055         	-3.3504062321e+01
1.0427911         	-3.3504656505e+01
1.0437778         	-3.3505228289e+01
1.0447654         	-3.3505759456e+01
1.045754          	-3.3506236967e+01
1.0467436         	-3.3506652317e+01
1.0477343         	-3.3507000836e+01
1.0487261         	-3.3507280655e+01
1.0497189         	-3.3507491568e+01
1.0507129         	-3.3507634692e+01
1.0517079         	-3.3507712667e+01
1.052704          	-3.3507728960e+01
1.0537012         	-3.3507686926e+01
1.0546996         	-3.3507589447e+01
1.0556991         	-3.3507438864e+01
1.0566998         	-3.3507237307e+01
1.0577018         	-3.3506987596e+01
1.058705          	-3.3506694473e+01
1.0597099         	-3.3506365867e+01
1.0607162         	-3.3506014116e+01
1.0617242         	-3.3505656919e+01
1.0627341         	-3.3505318627e+01
1.063746          	-3.3505031724e+01
1.06476           	-3.3504837874e+01
1.0657763         	-3.3504788870e+01
1.0667953         	-3.3504947236e+01
1.0678168         	-3.3505386182e+01
1.0688412         	-3.3506189097e+01
1.0698687         	-3.3507448440e+01
1.0708993         	-3.3509263360e+01
1.0719331         	-3.3511737723e+01
1.07297           	-3.3514975973e+01
1.0740103         	-3.3519081812e+01
1.0750535         	-3.3524146481e+01
1.0761001         	-3.3530253240e+01
1.0771495         	-3.3537457604e+01
1.0782016         	-3.3545791986e+01
1.0792564         	-3.3555259097e+01
1.0803134         	-3.3565823081e+01
1.0813721         	-3.3577407081e+01
1.0824335         	-3.3589913740e+01
1.0834961         	-3.3603178576e+01
1.0845609         	-3.3617034053e+01
1.0856257         	-3.3631247372e+01
1.0866942         	-3.3645651431e+01
1.0877629         	-3.3659977036e+01
1.0888317         	-3.3674006931e+01
1.0899044         	-3.3687592063e+01
1.0909784         	-3.3700522753e+01
1.0920524         	-3.3712645272e+01
1.0931264         	-3.3723862366e+01
1.0942023         	-3.3734133354e+01
1.095286          	-3.3743479634e+01
1.0963697         	-3.3751837436e+01
1.0974534         	-3.3759248054e+01
1.098537          	-3.3765772356e+01
1.0996207         	-3.3771482336e+01
1.1007076         	-3.3776467066e+01
1.1017973         	-3.3780791582e+01
1.102888          	-3.3784512060e+01
1.1039795         	-3.3787682066e+01
1.1050716         	-3.3790345795e+01
1.106164          	-3.3792538876e+01
1.1072564         	-3.3794290882e+01
1.1083486         	-3.3795628688e+01
1.1094403         	-3.3796579128e+01
1.1105314         	-3.3797172976e+01
1.1116217         	-3.3797444137e+01
1.1127111         	-3.3797430115e+01
1.1137995         	-3.3797172927e+01
1.1148869         	-3.3796717631e+01
1.115973          	-3.3796111763e+01
1.1170579         	-3.3795403010e+01
1.1181415         	-3.3794634868e+01
1.1192238         	-3.3793844942e+01
1.1203048         	-3.3793065225e+01
1.1213844         	-3.3792321838e+01
1.1224627         	-3.3791634071e+01
1.1235395         	-3.3791014382e+01
1.1246151         	-3.3790470190e+01
1.1256893         	-3.3790005894e+01
1.126762          	-3.3789623363e+01
1.1278335         	-3.3789322387e+01
1.1289036         	-3.3789101321e+01
1.1299723         	-3.3788957553e+01
1.1310396         	-3.3788888029e+01
1.1321055         	-3.3788889494e+01
1.1331701         	-3.3788958215e+01
1.134233          	-3.3789089200e+01
1.1352944         	-3.3789275005e+01
1.1363542         	-3.3789504271e+01
1.1374121         	-3.3789760385e+01
1.1384682         	-3.3790020317e+01
1.1395223         	-3.3790253611e+01
1.1405741         	-3.3790421854e+01
1.1416237         	-3.3790478202e+01
1.1426707         	-3.3790367034e+01
1.1437152         	-3.3790024096e+01
1.1447569         	-3.3789377376e+01
1.1457957         	-3.3788348780e+01
1.1468316         	-3.3786856721e+01
1.1478646         	-3.3784817938e+01
1.1488946         	-3.3782150431e+01
1.1499217         	-3.3778775404e+01
1.1509459         	-3.3774622196e+01
1.1519675         	-3.3769629400e+01
1.1529864         	-3.3763752235e+01
1.1540028         	-3.3756962169e+01
1.1550169         	-3.3749252916e+01
1.1560289         	-3.3740640117e+01
1.157039          	-3.3731163451e+01
1.1580473         	-3.3720890101e+01
1.1590539         	-3.3709907480e+01
1.1600592         	-3.3698326701e+01
1.1610631         	-3.3686278353e+01
1.1620657         	-3.3673908690e+01
1.1630672         	-3.3661371259e+01
1.1640677         	-3.3648822712e+01
1.1650672         	-3.3636420359e+01
1.1660655         	-3.3624314565e+01
1.1670628         	-3.3612633309e+01
1.1680593         	-3.3601489779e+01
1.1690543         	-3.3590982918e+01
1.1700485         	-3.3581174006e+01
1.1710419         	-3.3572105476e+01
1.1720336         	-3.3563806375e+01
1.1730248         	-3.3556266686e+01
1.1740147         	-3.3549474247e+01
1.1750038         	-3.3543394581e+01
1.1759917         	-3.3537988023e+01
1.1769795         	-3.3533204612e+01
1.1779654         	-3.3529004580e+01
1.1789513         	-3.3525333430e+01
1.1799372         	-3.3522149775e+01
1.1809231         	-3.3519416553e+01
1.181909          	-3.3517100705e+01
1.1828949         	-3.3515172925e+01
1.1838807         	-3.3513608835e+01
1.1848666         	-3.3512388650e+01
1.1858525         	-3.3511492734e+01
1.1868384         	-3.3510898906e+01
1.1878243         	-3.3510583135e+01
1.1888102         	-3.3510519153e+01
1.1897961         	-3.3510677850e+01
1.190782          	-3.3511027800e+01
1.1917678         	-3.3511535864e+01
1.192758          	-3.3512171279e+01
1.1937501         	-3.3512900118e+01
1.1947421         	-3.3513689585e+01
1.1957342         	-3.3514511068e+01
1.1967262         	-3.3515339314e+01
1.1977183         	-3.3516152460e+01
1.1987103         	-3.3516932370e+01
1.1997024         	-3.3517664716e+01
