# Region type :   patch outlet
# Faces           : 387
# Area            : 8.2961617386e-02
# Scale factor    : 1.0000000000e+00
# Time            	areaAverage(p_rgh)
0.0022201342      	6.9000000000e+06
0.0092362185      	6.9000000000e+06
0.01329353        	6.9000000000e+06
0.017032701       	6.9000000000e+06
0.020824973       	6.9000000000e+06
0.02425977        	6.9000000000e+06
0.02755924        	6.9000000000e+06
0.030546514       	6.9000000000e+06
0.03329083        	6.9000000000e+06
0.035986112       	6.9000000000e+06
0.038646928       	6.9000000000e+06
0.041237274       	6.9000000000e+06
0.043779756       	6.9000000000e+06
0.046250846       	6.9000000000e+06
0.048613841       	6.9000000000e+06
0.050901729       	6.9000000000e+06
0.053161592       	6.9000000000e+06
0.055398989       	6.9000000000e+06
0.057607046       	6.9000000000e+06
0.059791216       	6.9000000000e+06
0.061940518       	6.9000000000e+06
0.064031554       	6.9000000000e+06
0.066061852       	6.9000000000e+06
0.068047089       	6.9000000000e+06
0.069995134       	6.9000000000e+06
0.071910281       	6.9000000000e+06
0.07380231        	6.9000000000e+06
0.075680105       	6.9000000000e+06
0.077539503       	6.9000000000e+06
0.079373814       	6.9000000000e+06
0.081183256       	6.9000000000e+06
0.08297507        	6.9000000000e+06
0.084752428       	6.9000000000e+06
0.086517486       	6.9000000000e+06
0.088272663       	6.9000000000e+06
0.09001732        	6.9000000000e+06
0.091743793       	6.9000000000e+06
0.093447206       	6.9000000000e+06
0.095127409       	6.9000000000e+06
0.096781083       	6.9000000000e+06
0.09843181        	6.9000000000e+06
0.10008137        	6.9000000000e+06
0.10170691        	6.9000000000e+06
0.10332816        	6.9000000000e+06
0.10494243        	6.9000000000e+06
0.10654737        	6.9000000000e+06
0.10814182        	6.9000000000e+06
0.10972515        	6.9000000000e+06
0.11129903        	6.9000000000e+06
0.11286693        	6.9000000000e+06
0.11443111        	6.9000000000e+06
0.11599079        	6.9000000000e+06
0.11754478        	6.9000000000e+06
0.11909147        	6.9000000000e+06
0.12062904        	6.9000000000e+06
0.12215766        	6.9000000000e+06
0.12367987        	6.9000000000e+06
0.12519791        	6.9000000000e+06
0.12671249        	6.9000000000e+06
0.12822341        	6.9000000000e+06
0.12972916        	6.9000000000e+06
0.13122777        	6.9000000000e+06
0.13271891        	6.9000000000e+06
0.13420429        	6.9000000000e+06
0.13568575        	6.9000000000e+06
0.13716482        	6.9000000000e+06
0.13864155        	6.9000000000e+06
0.14011517        	6.9000000000e+06
0.14158463        	6.9000000000e+06
0.14305087        	6.9000000000e+06
0.14451581        	6.9000000000e+06
0.1459823         	6.9000000000e+06
0.14745128        	6.9000000000e+06
0.14892118        	6.9000000000e+06
0.15039107        	6.9000000000e+06
0.15185867        	6.9000000000e+06
0.15332347        	6.9000000000e+06
0.1547861         	6.9000000000e+06
0.15624577        	6.9000000000e+06
0.15770034        	6.9000000000e+06
0.15914792        	6.9000000000e+06
0.16058786        	6.9000000000e+06
0.16202099        	6.9000000000e+06
0.16344833        	6.9000000000e+06
0.16486832        	6.9000000000e+06
0.16627873        	6.9000000000e+06
0.16767759        	6.9000000000e+06
0.16906414        	6.9000000000e+06
0.1704376         	6.9000000000e+06
0.17179527        	6.9000000000e+06
0.17313264        	6.9000000000e+06
0.1744445         	6.9000000000e+06
0.17572672        	6.9000000000e+06
0.17697529        	6.9000000000e+06
0.17818528        	6.9000000000e+06
0.17935189        	6.9000000000e+06
0.18047           	6.9000000000e+06
0.18153739        	6.9000000000e+06
0.18255379        	6.9000000000e+06
0.18352157        	6.9000000000e+06
0.18444449        	6.9000000000e+06
0.18532572        	6.9000000000e+06
0.1861697         	6.9000000000e+06
0.1869803         	6.9000000000e+06
0.18776184        	6.9000000000e+06
0.18851838        	6.9000000000e+06
0.18925339        	6.9000000000e+06
0.18997039        	6.9000000000e+06
0.19067224        	6.9000000000e+06
0.19136102        	6.9000000000e+06
0.19203886        	6.9000000000e+06
0.1927069         	6.9000000000e+06
0.19336635        	6.9000000000e+06
0.19401838        	6.9000000000e+06
0.19466355        	6.9000000000e+06
0.19530352        	6.9000000000e+06
0.19593856        	6.9000000000e+06
0.19656932        	6.9000000000e+06
0.1971988         	6.9000000000e+06
0.19782213        	6.9000000000e+06
0.19844438        	6.9000000000e+06
0.19906663        	6.9000000000e+06
0.19968888        	6.9000000000e+06
0.200308          	6.9000000000e+06
0.20092287        	6.9000000000e+06
0.20153648        	6.9000000000e+06
0.20214908        	6.9000000000e+06
0.202761          	6.9000000000e+06
0.20337249        	6.9000000000e+06
0.20398386        	6.9000000000e+06
0.20459523        	6.9000000000e+06
0.20520661        	6.9000000000e+06
0.20581815        	6.9000000000e+06
0.20642987        	6.9000000000e+06
0.20704186        	6.9000000000e+06
0.20765417        	6.9000000000e+06
0.20826693        	6.9000000000e+06
0.20888028        	6.9000000000e+06
0.20949437        	6.9000000000e+06
0.21010934        	6.9000000000e+06
0.21072529        	6.9000000000e+06
0.21134229        	6.9000000000e+06
0.21196045        	6.9000000000e+06
0.2125799         	6.9000000000e+06
0.21320061        	6.9000000000e+06
0.21382244        	6.9000000000e+06
0.21444534        	6.9000000000e+06
0.21506938        	6.9000000000e+06
0.21569458        	6.9000000000e+06
0.21632102        	6.9000000000e+06
0.21694873        	6.9000000000e+06
0.21757776        	6.9000000000e+06
0.21820802        	6.9000000000e+06
0.21883945        	6.9000000000e+06
0.21947196        	6.9000000000e+06
0.22010543        	6.9000000000e+06
0.2207398         	6.9000000000e+06
0.22137503        	6.9000000000e+06
0.2220111         	6.9000000000e+06
0.22264803        	6.9000000000e+06
0.22328582        	6.9000000000e+06
0.2239244         	6.9000000000e+06
0.22456373        	6.9000000000e+06
0.22520378        	6.9000000000e+06
0.22584445        	6.9000000000e+06
0.2264857         	6.9000000000e+06
0.22712754        	6.9000000000e+06
0.22777002        	6.9000000000e+06
0.22841323        	6.9000000000e+06
0.22905731        	6.9000000000e+06
0.22970244        	6.9000000000e+06
0.23034874        	6.9000000000e+06
0.23099633        	6.9000000000e+06
0.23164529        	6.9000000000e+06
0.23229574        	6.9000000000e+06
0.23294777        	6.9000000000e+06
0.23360143        	6.9000000000e+06
0.2342569         	6.9000000000e+06
0.23491425        	6.9000000000e+06
0.2355736         	6.9000000000e+06
0.23623507        	6.9000000000e+06
0.2368987         	6.9000000000e+06
0.23756454        	6.9000000000e+06
0.23823254        	6.9000000000e+06
0.23890264        	6.9000000000e+06
0.23957474        	6.9000000000e+06
0.24024885        	6.9000000000e+06
0.24092487        	6.9000000000e+06
0.24160283        	6.9000000000e+06
0.24228276        	6.9000000000e+06
0.24296466        	6.9000000000e+06
0.24364845        	6.9000000000e+06
0.24433408        	6.9000000000e+06
0.24502145        	6.9000000000e+06
0.24571045        	6.9000000000e+06
0.24640096        	6.9000000000e+06
0.2470929         	6.9000000000e+06
0.24778622        	6.9000000000e+06
0.24848086        	6.9000000000e+06
0.24917683        	6.9000000000e+06
0.24987407        	6.9000000000e+06
0.25057264        	6.9000000000e+06
0.25127243        	6.9000000000e+06
0.25197345        	6.9000000000e+06
0.25267567        	6.9000000000e+06
0.25337917        	6.9000000000e+06
0.254084          	6.9000000000e+06
0.2547903         	6.9000000000e+06
0.25549822        	6.9000000000e+06
0.2562079         	6.9000000000e+06
0.25691957        	6.9000000000e+06
0.25763324        	6.9000000000e+06
0.25834914        	6.9000000000e+06
0.25906727        	6.9000000000e+06
0.2597877         	6.9000000000e+06
0.26051056        	6.9000000000e+06
0.26123591        	6.9000000000e+06
0.26196382        	6.9000000000e+06
0.26269431        	6.9000000000e+06
0.26342746        	6.9000000000e+06
0.26416315        	6.9000000000e+06
0.26490145        	6.9000000000e+06
0.26564225        	6.9000000000e+06
0.26638549        	6.9000000000e+06
0.26713121        	6.9000000000e+06
0.26787938        	6.9000000000e+06
0.26863005        	6.9000000000e+06
0.26938329        	6.9000000000e+06
0.27013913        	6.9000000000e+06
0.27089756        	6.9000000000e+06
0.27165852        	6.9000000000e+06
0.27242209        	6.9000000000e+06
0.27318826        	6.9000000000e+06
0.27395702        	6.9000000000e+06
0.2747285         	6.9000000000e+06
0.27550259        	6.9000000000e+06
0.27627938        	6.9000000000e+06
0.27705891        	6.9000000000e+06
0.27784122        	6.9000000000e+06
0.27862624        	6.9000000000e+06
0.27941401        	6.9000000000e+06
0.28020436        	6.9000000000e+06
0.28099731        	6.9000000000e+06
0.28179317        	6.9000000000e+06
0.28259166        	6.9000000000e+06
0.28339289        	6.9000000000e+06
0.28419664        	6.9000000000e+06
0.28500337        	6.9000000000e+06
0.2858126         	6.9000000000e+06
0.28662451        	6.9000000000e+06
0.28743901        	6.9000000000e+06
0.28825616        	6.9000000000e+06
0.28907603        	6.9000000000e+06
0.28989868        	6.9000000000e+06
0.290724          	6.9000000000e+06
0.29155222        	6.9000000000e+06
0.29238395        	6.9000000000e+06
0.29321826        	6.9000000000e+06
0.29405551        	6.9000000000e+06
0.29489711        	6.9000000000e+06
0.29574056        	6.9000000000e+06
0.29658991        	6.9000000000e+06
0.29744243        	6.9000000000e+06
0.29829495        	6.9000000000e+06
0.29914748        	6.9000000000e+06
0.3               	6.9000000000e+06
0.30087212        	6.9000000000e+06
0.30174995        	6.9000000000e+06
0.30263384        	6.9000000000e+06
0.303524          	6.9000000000e+06
0.30442049        	6.9000000000e+06
0.30532328        	6.9000000000e+06
0.30623227        	6.9000000000e+06
0.30714718        	6.9000000000e+06
0.30806764        	6.9000000000e+06
0.3089932         	6.9000000000e+06
0.30992301        	6.9000000000e+06
0.3108566         	6.9000000000e+06
0.31179355        	6.9000000000e+06
0.31273348        	6.9000000000e+06
0.31367601        	6.9000000000e+06
0.31462107        	6.9000000000e+06
0.31556863        	6.9000000000e+06
0.31651866        	6.9000000000e+06
0.31747133        	6.9000000000e+06
0.3184268         	6.9000000000e+06
0.3193852         	6.9000000000e+06
0.32034685        	6.9000000000e+06
0.32131212        	6.9000000000e+06
0.32228143        	6.9000000000e+06
0.32325511        	6.9000000000e+06
0.32423364        	6.9000000000e+06
0.32521735        	6.9000000000e+06
0.32620658        	6.9000000000e+06
0.32720172        	6.9000000000e+06
0.32820295        	6.9000000000e+06
0.32921026        	6.9000000000e+06
0.33022355        	6.9000000000e+06
0.33124246        	6.9000000000e+06
0.33226641        	6.9000000000e+06
0.33329468        	6.9000000000e+06
0.33432656        	6.9000000000e+06
0.33536132        	6.9000000000e+06
0.33639816        	6.9000000000e+06
0.33743635        	6.9000000000e+06
0.33847561        	6.9000000000e+06
0.33951554        	6.9000000000e+06
0.34055568        	6.9000000000e+06
0.34159633        	6.9000000000e+06
0.34263739        	6.9000000000e+06
0.34367865        	6.9000000000e+06
0.34472067        	6.9000000000e+06
0.3457627         	6.9000000000e+06
0.34680533        	6.9000000000e+06
0.34784836        	6.9000000000e+06
0.34889139        	6.9000000000e+06
0.34993442        	6.9000000000e+06
0.35097746        	6.9000000000e+06
0.35202049        	6.9000000000e+06
0.35306335        	6.9000000000e+06
0.35410523        	6.9000000000e+06
0.35514711        	6.9000000000e+06
0.35618874        	6.9000000000e+06
0.35722939        	6.9000000000e+06
0.35827004        	6.9000000000e+06
0.35931009        	6.9000000000e+06
0.36034943        	6.9000000000e+06
0.36138876        	6.9000000000e+06
0.36242809        	6.9000000000e+06
0.36346627        	6.9000000000e+06
0.36450416        	6.9000000000e+06
0.36554205        	6.9000000000e+06
0.36657994        	6.9000000000e+06
0.36761638        	6.9000000000e+06
0.36865265        	6.9000000000e+06
0.36968781        	6.9000000000e+06
0.37072199        	6.9000000000e+06
0.37175454        	6.9000000000e+06
0.37278501        	6.9000000000e+06
0.37381304        	6.9000000000e+06
0.37483825        	6.9000000000e+06
0.37586002        	6.9000000000e+06
0.3768777         	6.9000000000e+06
0.37789092        	6.9000000000e+06
0.37889928        	6.9000000000e+06
0.37990249        	6.9000000000e+06
0.38090046        	6.9000000000e+06
0.38189311        	6.9000000000e+06
0.38288077        	6.9000000000e+06
0.38386332        	6.9000000000e+06
0.38484201        	6.9000000000e+06
0.38581663        	6.9000000000e+06
0.3867881         	6.9000000000e+06
0.38775684        	6.9000000000e+06
0.38872468        	6.9000000000e+06
0.38969207        	6.9000000000e+06
0.39065543        	6.9000000000e+06
0.39161879        	6.9000000000e+06
0.39258214        	6.9000000000e+06
0.3935455         	6.9000000000e+06
0.39450886        	6.9000000000e+06
0.39547222        	6.9000000000e+06
0.39643558        	6.9000000000e+06
0.39739893        	6.9000000000e+06
0.39836229        	6.9000000000e+06
0.39932565        	6.9000000000e+06
0.40028786        	6.9000000000e+06
0.40124638        	6.9000000000e+06
0.40220306        	6.9000000000e+06
0.40315773        	6.9000000000e+06
0.40411027        	6.9000000000e+06
0.40506049        	6.9000000000e+06
0.40600839        	6.9000000000e+06
0.406954          	6.9000000000e+06
0.4078974         	6.9000000000e+06
0.40883881        	6.9000000000e+06
0.40977844        	6.9000000000e+06
0.41071659        	6.9000000000e+06
0.41165357        	6.9000000000e+06
0.41258974        	6.9000000000e+06
0.41352561        	6.9000000000e+06
0.41446121        	6.9000000000e+06
0.41539708        	6.9000000000e+06
0.41633329        	6.9000000000e+06
0.41727008        	6.9000000000e+06
0.41820769        	6.9000000000e+06
0.41914602        	6.9000000000e+06
0.42008529        	6.9000000000e+06
0.42102527        	6.9000000000e+06
0.42196617        	6.9000000000e+06
0.42290784        	6.9000000000e+06
0.42385041        	6.9000000000e+06
0.42479376        	6.9000000000e+06
0.42573797        	6.9000000000e+06
0.42668305        	6.9000000000e+06
0.42762905        	6.9000000000e+06
0.42857601        	6.9000000000e+06
0.42952403        	6.9000000000e+06
0.43047308        	6.9000000000e+06
0.43142326        	6.9000000000e+06
0.43237459        	6.9000000000e+06
0.43332707        	6.9000000000e+06
0.43428066        	6.9000000000e+06
0.43523547        	6.9000000000e+06
0.43619137        	6.9000000000e+06
0.43714839        	6.9000000000e+06
0.43810649        	6.9000000000e+06
0.43906564        	6.9000000000e+06
0.44002573        	6.9000000000e+06
0.44098686        	6.9000000000e+06
0.44194901        	6.9000000000e+06
0.44291211        	6.9000000000e+06
0.44387619        	6.9000000000e+06
0.44484139        	6.9000000000e+06
0.44580778        	6.9000000000e+06
0.44677546        	6.9000000000e+06
0.44774464        	6.9000000000e+06
0.44871557        	6.9000000000e+06
0.44968853        	6.9000000000e+06
0.45066381        	6.9000000000e+06
0.45164184        	6.9000000000e+06
0.45262294        	6.9000000000e+06
0.45360762        	6.9000000000e+06
0.45459628        	6.9000000000e+06
0.45558938        	6.9000000000e+06
0.45658729        	6.9000000000e+06
0.45759026        	6.9000000000e+06
0.45859872        	6.9000000000e+06
0.45961249        	6.9000000000e+06
0.46063169        	6.9000000000e+06
0.46165593        	6.9000000000e+06
0.46268484        	6.9000000000e+06
0.46371795        	6.9000000000e+06
0.46475467        	6.9000000000e+06
0.4657943         	6.9000000000e+06
0.46683629        	6.9000000000e+06
0.46788001        	6.9000000000e+06
0.46892456        	6.9000000000e+06
0.46997079        	6.9000000000e+06
0.4710171         	6.9000000000e+06
0.47206381        	6.9000000000e+06
0.47311207        	6.9000000000e+06
0.47416086        	6.9000000000e+06
0.47521123        	6.9000000000e+06
0.47626362        	6.9000000000e+06
0.47731812        	6.9000000000e+06
0.47837519        	6.9000000000e+06
0.47943564        	6.9000000000e+06
0.48049954        	6.9000000000e+06
0.48156693        	6.9000000000e+06
0.48263834        	6.9000000000e+06
0.48371407        	6.9000000000e+06
0.48479373        	6.9000000000e+06
0.48587705        	6.9000000000e+06
0.48696343        	6.9000000000e+06
0.48805372        	6.9000000000e+06
0.48914471        	6.9000000000e+06
0.49023569        	6.9000000000e+06
0.49133053        	6.9000000000e+06
0.49242793        	6.9000000000e+06
0.49352533        	6.9000000000e+06
0.49462273        	6.9000000000e+06
0.49572013        	6.9000000000e+06
0.49681754        	6.9000000000e+06
0.49791494        	6.9000000000e+06
0.49901234        	6.9000000000e+06
0.50010864        	6.9000000000e+06
0.50119403        	6.9000000000e+06
0.50227811        	6.9000000000e+06
0.50336087        	6.9000000000e+06
0.50444229        	6.9000000000e+06
0.50552228        	6.9000000000e+06
0.50660082        	6.9000000000e+06
0.50767793        	6.9000000000e+06
0.50875344        	6.9000000000e+06
0.5098275         	6.9000000000e+06
0.51090005        	6.9000000000e+06
0.51197106        	6.9000000000e+06
0.51304063        	6.9000000000e+06
0.51410876        	6.9000000000e+06
0.51517547        	6.9000000000e+06
0.51624083        	6.9000000000e+06
0.51730488        	6.9000000000e+06
0.51836762        	6.9000000000e+06
0.51942913        	6.9000000000e+06
0.5204893         	6.9000000000e+06
0.5215481         	6.9000000000e+06
0.52260536        	6.9000000000e+06
0.52366097        	6.9000000000e+06
0.52471468        	6.9000000000e+06
0.52576629        	6.9000000000e+06
0.52681545        	6.9000000000e+06
0.52786176        	6.9000000000e+06
0.52890489        	6.9000000000e+06
0.52994444        	6.9000000000e+06
0.53097995        	6.9000000000e+06
0.53201113        	6.9000000000e+06
0.53303764        	6.9000000000e+06
0.53405925        	6.9000000000e+06
0.53507586        	6.9000000000e+06
0.53608741        	6.9000000000e+06
0.53709405        	6.9000000000e+06
0.53809597        	6.9000000000e+06
0.53909349        	6.9000000000e+06
0.5400871         	6.9000000000e+06
0.54107714        	6.9000000000e+06
0.5420642         	6.9000000000e+06
0.5430487         	6.9000000000e+06
0.54403125        	6.9000000000e+06
0.54501212        	6.9000000000e+06
0.54599177        	6.9000000000e+06
0.5469704         	6.9000000000e+06
0.54794822        	6.9000000000e+06
0.54892534        	6.9000000000e+06
0.54990182        	6.9000000000e+06
0.55087744        	6.9000000000e+06
0.55185214        	6.9000000000e+06
0.55282586        	6.9000000000e+06
0.55379821        	6.9000000000e+06
0.55476924        	6.9000000000e+06
0.5557385         	6.9000000000e+06
0.55670601        	6.9000000000e+06
0.55767158        	6.9000000000e+06
0.55863506        	6.9000000000e+06
0.55959636        	6.9000000000e+06
0.56055549        	6.9000000000e+06
0.56151247        	6.9000000000e+06
0.56246748        	6.9000000000e+06
0.56342062        	6.9000000000e+06
0.56437209        	6.9000000000e+06
0.56532204        	6.9000000000e+06
0.56627082        	6.9000000000e+06
0.56721853        	6.9000000000e+06
0.56816597        	6.9000000000e+06
0.56911341        	6.9000000000e+06
0.57006085        	6.9000000000e+06
0.57100829        	6.9000000000e+06
0.57195573        	6.8999999999e+06
0.57290318        	6.8999999999e+06
0.57385179        	6.8999999999e+06
0.57480091        	6.8999999999e+06
0.57575049        	6.8999999999e+06
0.57670145        	6.8999999999e+06
0.57765241        	6.8999999999e+06
0.57860511        	6.8999999998e+06
0.57955811        	6.8999999998e+06
0.58051169        	6.8999999998e+06
0.581467          	6.8999999997e+06
0.58242231        	6.8999999997e+06
0.58337869        	6.8999999996e+06
0.58433669        	6.8999999996e+06
0.58529469        	6.8999999995e+06
0.58625384        	6.8999999994e+06
0.58721511        	6.8999999994e+06
0.58817638        	6.8999999993e+06
0.58913765        	6.8999999992e+06
0.59010178        	6.8999999991e+06
0.59106746        	6.8999999990e+06
0.59203314        	6.8999999989e+06
0.59299882        	6.8999999988e+06
0.5939645         	6.8999999987e+06
0.59493018        	6.8999999986e+06
0.59589586        	6.8999999985e+06
0.59686154        	6.8999999983e+06
0.59782722        	6.8999999982e+06
0.5987929         	6.8999999980e+06
0.59975858        	6.8999999979e+06
0.60073195        	6.8999999977e+06
0.60170924        	6.8999999975e+06
0.60268838        	6.8999999974e+06
0.60366952        	6.8999999972e+06
0.60465299        	6.8999999970e+06
0.60563908        	6.8999999968e+06
0.60662814        	6.8999999965e+06
0.60762049        	6.8999999963e+06
0.60861651        	6.8999999960e+06
0.6096165         	6.8999999958e+06
0.61062077        	6.8999999955e+06
0.61162957        	6.8999999952e+06
0.61264301        	6.8999999949e+06
0.61366114        	6.8999999946e+06
0.61468391        	6.8999999942e+06
0.61571123        	6.8999999939e+06
0.6167428         	6.8999999935e+06
0.61777822        	6.8999999931e+06
0.61881714        	6.8999999927e+06
0.61985908        	6.8999999922e+06
0.62090351        	6.8999999918e+06
0.62195001        	6.8999999913e+06
0.62299833        	6.8999999908e+06
0.62404812        	6.8999999903e+06
0.62509921        	6.8999999897e+06
0.6261516         	6.8999999892e+06
0.62720534        	6.8999999886e+06
0.62826045        	6.8999999880e+06
0.62931712        	6.8999999873e+06
0.63037569        	6.8999999867e+06
0.63143639        	6.8999999860e+06
0.63249965        	6.8999999853e+06
0.63356568        	6.8999999846e+06
0.63463479        	6.8999999839e+06
0.6357072         	6.8999999831e+06
0.63678293        	6.8999999823e+06
0.63786214        	6.8999999815e+06
0.63894479        	6.8999999806e+06
0.64003066        	6.8999999798e+06
0.64111948        	6.8999999789e+06
0.64221083        	6.8999999780e+06
0.64330419        	6.8999999771e+06
0.64439908        	6.8999999761e+06
0.64549472        	6.8999999752e+06
0.64659141        	6.8999999742e+06
0.64768809        	6.8999999732e+06
0.64878391        	6.8999999721e+06
0.64987938        	6.8999999711e+06
0.65097372        	6.8999999700e+06
0.65206708        	6.8999999689e+06
0.65315931        	6.8999999678e+06
0.6542504         	6.8999999666e+06
0.65534025        	6.8999999654e+06
0.65642891        	6.8999999642e+06
0.65751627        	6.8999999628e+06
0.65860232        	6.8999999614e+06
0.65968709        	6.8999999599e+06
0.66077047        	6.8999999584e+06
0.66185244        	6.8999999567e+06
0.66293302        	6.8999999549e+06
0.66401212        	6.8999999531e+06
0.66508968        	6.8999999511e+06
0.66616574        	6.8999999491e+06
0.66724035        	6.8999999469e+06
0.66831363        	6.8999999448e+06
0.66938564        	6.8999999426e+06
0.67045608        	6.8999999404e+06
0.67152514        	6.8999999383e+06
0.6725932         	6.8999999362e+06
0.67365961        	6.8999999342e+06
0.6747245         	6.8999999323e+06
0.67578827        	6.8999999305e+06
0.67685019        	6.8999999290e+06
0.67791014        	6.8999999276e+06
0.67896818        	6.8999999265e+06
0.68002397        	6.8999999257e+06
0.68107725        	6.8999999252e+06
0.68212745        	6.8999999250e+06
0.68317443        	6.8999999251e+06
0.68421782        	6.8999999256e+06
0.68525744        	6.8999999265e+06
0.68629304        	6.8999999278e+06
0.68732437        	6.8999999295e+06
0.68835113        	6.8999999316e+06
0.68937337        	6.8999999342e+06
0.69039095        	6.8999999372e+06
0.69140442        	6.8999999406e+06
0.69241501        	6.8999999445e+06
0.69341964        	6.8999999489e+06
0.69442428        	6.8999999536e+06
0.69542147        	6.8999999588e+06
0.6964168         	6.8999999644e+06
0.69741214        	6.8999999705e+06
0.69840747        	6.8999999769e+06
0.6994028         	6.8999999838e+06
0.7003955         	6.8999999910e+06
0.70138344        	6.8999999986e+06
0.7023703         	6.9000000065e+06
0.70335616        	6.9000000147e+06
0.70434101        	6.9000000233e+06
0.70532483        	6.9000000321e+06
0.70630752        	6.9000000413e+06
0.707289          	6.9000000506e+06
0.70826908        	6.9000000602e+06
0.70924767        	6.9000000700e+06
0.71022463        	6.9000000800e+06
0.71119981        	6.9000000901e+06
0.71217323        	6.9000001003e+06
0.71314476        	6.9000001107e+06
0.71411442        	6.9000001211e+06
0.71508228        	6.9000001316e+06
0.7160484         	6.9000001422e+06
0.71701283        	6.9000001529e+06
0.71797581        	6.9000001635e+06
0.71893746        	6.9000001742e+06
0.71989803        	6.9000001849e+06
0.72085765        	6.9000001956e+06
0.7218166         	6.9000002063e+06
0.72277514        	6.9000002169e+06
0.72373327        	6.9000002276e+06
0.72469139        	6.9000002381e+06
0.72564951        	6.9000002487e+06
0.72660826        	6.9000002592e+06
0.72756722        	6.9000002695e+06
0.72852669        	6.9000002799e+06
0.72948674        	6.9000002901e+06
0.73044745        	6.9000003002e+06
0.73140885        	6.9000003101e+06
0.73237099        	6.9000003199e+06
0.73333389        	6.9000003296e+06
0.73429756        	6.9000003390e+06
0.735262          	6.9000003483e+06
0.73622727        	6.9000003573e+06
0.73719338        	6.9000003661e+06
0.73816045        	6.9000003747e+06
0.73912847        	6.9000003830e+06
0.74009742        	6.9000003910e+06
0.74106727        	6.9000003988e+06
0.74203816        	6.9000004063e+06
0.74301011        	6.9000004136e+06
0.74398301        	6.9000004206e+06
0.74495688        	6.9000004274e+06
0.74593175        	6.9000004339e+06
0.74690758        	6.9000004403e+06
0.74788448        	6.9000004464e+06
0.7488624         	6.9000004524e+06
0.74984135        	6.9000004582e+06
0.7508214         	6.9000004639e+06
0.75180257        	6.9000004695e+06
0.75278489        	6.9000004749e+06
0.7537687         	6.9000004802e+06
0.75475397        	6.9000004854e+06
0.75574097        	6.9000004906e+06
0.75672984        	6.9000004956e+06
0.75772081        	6.9000005005e+06
0.75871416        	6.9000005054e+06
0.75971016        	6.9000005102e+06
0.76070893        	6.9000005149e+06
0.76171101        	6.9000005196e+06
0.76271651        	6.9000005242e+06
0.76372562        	6.9000005288e+06
0.76473868        	6.9000005332e+06
0.76575569        	6.9000005377e+06
0.76677663        	6.9000005421e+06
0.76780175        	6.9000005464e+06
0.76883071        	6.9000005507e+06
0.76986343        	6.9000005549e+06
0.77089969        	6.9000005591e+06
0.7719391         	6.9000005632e+06
0.7729814         	6.9000005673e+06
0.77402612        	6.9000005713e+06
0.77507315        	6.9000005752e+06
0.77612206        	6.9000005790e+06
0.77717236        	6.9000005828e+06
0.77822432        	6.9000005865e+06
0.77927759        	6.9000005901e+06
0.78033217        	6.9000005937e+06
0.78138806        	6.9000005971e+06
0.78244555        	6.9000006005e+06
0.78350454        	6.9000006038e+06
0.78456534        	6.9000006070e+06
0.78562858        	6.9000006101e+06
0.78669313        	6.9000006131e+06
0.78776135        	6.9000006161e+06
0.78883049        	6.9000006190e+06
0.78990448        	6.9000006218e+06
0.79097847        	6.9000006245e+06
0.79205861        	6.9000006271e+06
0.79313907        	6.9000006296e+06
0.79421953        	6.9000006320e+06
0.79529999        	6.9000006344e+06
0.79638045        	6.9000006366e+06
0.79746092        	6.9000006387e+06
0.79854138        	6.9000006408e+06
0.79962184        	6.9000006427e+06
0.80070845        	6.9000006446e+06
0.80179837        	6.9000006464e+06
0.80288789        	6.9000006481e+06
0.8039768         	6.9000006497e+06
0.80506488        	6.9000006512e+06
0.80615203        	6.9000006526e+06
0.80723807        	6.9000006540e+06
0.80832304        	6.9000006552e+06
0.80940681        	6.9000006565e+06
0.81048936        	6.9000006576e+06
0.81157067        	6.9000006587e+06
0.81265065        	6.9000006597e+06
0.81372937        	6.9000006606e+06
0.81480674        	6.9000006614e+06
0.81588275        	6.9000006621e+06
0.81695738        	6.9000006627e+06
0.81803063        	6.9000006632e+06
0.81910247        	6.9000006636e+06
0.82017297        	6.9000006638e+06
0.8212421         	6.9000006638e+06
0.82230989        	6.9000006637e+06
0.82337637        	6.9000006634e+06
0.82444158        	6.9000006628e+06
0.82550541        	6.9000006620e+06
0.8265679         	6.9000006609e+06
0.82762902        	6.9000006596e+06
0.82868862        	6.9000006580e+06
0.82974661        	6.9000006562e+06
0.83080285        	6.9000006540e+06
0.83185716        	6.9000006515e+06
0.83290931        	6.9000006488e+06
0.83395907        	6.9000006457e+06
0.83500621        	6.9000006423e+06
0.83605053        	6.9000006386e+06
0.83709171        	6.9000006346e+06
0.83812953        	6.9000006302e+06
0.83916389        	6.9000006256e+06
0.84019452        	6.9000006206e+06
0.84122143        	6.9000006152e+06
0.84224455        	6.9000006096e+06
0.84326396        	6.9000006036e+06
0.84427972        	6.9000005973e+06
0.84529198        	6.9000005907e+06
0.84630088        	6.9000005838e+06
0.84730676        	6.9000005765e+06
0.84830986        	6.9000005689e+06
0.84931053        	6.9000005611e+06
0.85030899        	6.9000005529e+06
0.85130544        	6.9000005443e+06
0.85230032        	6.9000005355e+06
0.8532937         	6.9000005263e+06
0.85428586        	6.9000005168e+06
0.85527689        	6.9000005070e+06
0.85626688        	6.9000004969e+06
0.85725587        	6.9000004865e+06
0.85824388        	6.9000004757e+06
0.85923084        	6.9000004647e+06
0.86021668        	6.9000004533e+06
0.86120135        	6.9000004416e+06
0.86218471        	6.9000004297e+06
0.86316673        	6.9000004174e+06
0.86414731        	6.9000004049e+06
0.86512648        	6.9000003921e+06
0.86610421        	6.9000003790e+06
0.86708047        	6.9000003656e+06
0.86805534        	6.9000003520e+06
0.86902889        	6.9000003382e+06
0.87000129        	6.9000003241e+06
0.87097213        	6.9000003097e+06
0.87194221        	6.9000002952e+06
0.8729114         	6.9000002804e+06
0.87388049        	6.9000002653e+06
0.87484788        	6.9000002501e+06
0.87581527        	6.9000002348e+06
0.87678265        	6.9000002192e+06
0.87775004        	6.9000002035e+06
0.87871743        	6.9000001877e+06
0.87968482        	6.9000001718e+06
0.88065351        	6.9000001558e+06
0.88162326        	6.9000001398e+06
0.88259301        	6.9000001238e+06
0.88356276        	6.9000001078e+06
0.88453427        	6.9000000919e+06
0.88550696        	6.9000000762e+06
0.88647964        	6.9000000606e+06
0.88745233        	6.9000000453e+06
0.88842773        	6.9000000302e+06
0.88940429        	6.9000000154e+06
0.89038086        	6.9000000009e+06
0.89135742        	6.8999999869e+06
0.89233398        	6.8999999732e+06
0.89331358        	6.8999999600e+06
0.89429687        	6.8999999472e+06
0.89528017        	6.8999999349e+06
0.89626347        	6.8999999230e+06
0.89724677        	6.8999999116e+06
0.89823006        	6.8999999006e+06
0.89921336        	6.8999998901e+06
0.90019763        	6.8999998799e+06
0.90118626        	6.8999998701e+06
0.90217603        	6.8999998606e+06
0.90316706        	6.8999998514e+06
0.90415925        	6.8999998425e+06
0.90515281        	6.8999998338e+06
0.9061478         	6.8999998254e+06
0.90714433        	6.8999998172e+06
0.90814251        	6.8999998091e+06
0.90914251        	6.8999998013e+06
0.91014456        	6.8999997936e+06
0.91114884        	6.8999997860e+06
0.91215554        	6.8999997786e+06
0.91316491        	6.8999997712e+06
0.91417716        	6.8999997640e+06
0.91519255        	6.8999997569e+06
0.91621123        	6.8999997499e+06
0.91723337        	6.8999997429e+06
0.91825908        	6.8999997360e+06
0.91928844        	6.8999997292e+06
0.92032149        	6.8999997224e+06
0.92135817        	6.8999997156e+06
0.92239842        	6.8999997089e+06
0.92344205        	6.8999997023e+06
0.92448879        	6.8999996957e+06
0.92553848        	6.8999996891e+06
0.92659079        	6.8999996826e+06
0.92764549        	6.8999996761e+06
0.92870231        	6.8999996697e+06
0.92976097        	6.8999996634e+06
0.93082134        	6.8999996571e+06
0.93188322        	6.8999996509e+06
0.9329466         	6.8999996448e+06
0.93401141        	6.8999996388e+06
0.93507776        	6.8999996328e+06
0.93614561        	6.8999996269e+06
0.93721516        	6.8999996211e+06
0.93828649        	6.8999996154e+06
0.93935973        	6.8999996097e+06
0.94043506        	6.8999996042e+06
0.94151253        	6.8999995987e+06
0.94259229        	6.8999995933e+06
0.94367429        	6.8999995879e+06
0.94475848        	6.8999995827e+06
0.94584479        	6.8999995775e+06
0.94693302        	6.8999995725e+06
0.94802309        	6.8999995675e+06
0.94911458        	6.8999995626e+06
0.95020731        	6.8999995579e+06
0.95130076        	6.8999995532e+06
0.95239513        	6.8999995486e+06
0.95348949        	6.8999995441e+06
0.95458386        	6.8999995396e+06
0.95567822        	6.8999995352e+06
0.9567713         	6.8999995309e+06
0.95786418        	6.8999995266e+06
0.95895578        	6.8999995222e+06
0.96004643        	6.8999995179e+06
0.96113611        	6.8999995135e+06
0.96222466        	6.8999995090e+06
0.96331172        	6.8999995045e+06
0.96439749        	6.8999994998e+06
0.96548201        	6.8999994950e+06
0.96656525        	6.8999994900e+06
0.96764719        	6.8999994849e+06
0.96872742        	6.8999994795e+06
0.96980624        	6.8999994740e+06
0.9708839         	6.8999994684e+06
0.97196028        	6.8999994626e+06
0.9730347         	6.8999994566e+06
0.97410814        	6.8999994505e+06
0.97518026        	6.8999994443e+06
0.97625053        	6.8999994381e+06
0.9773202         	6.8999994319e+06
0.97838748        	6.8999994256e+06
0.97945422        	6.8999994194e+06
0.98051877        	6.8999994132e+06
0.98158226        	6.8999994071e+06
0.9826438         	6.8999994010e+06
0.98370368        	6.8999993951e+06
0.98476188        	6.8999993893e+06
0.98581746        	6.8999993836e+06
0.98687193        	6.8999993780e+06
0.98792237        	6.8999993726e+06
0.98897162        	6.8999993673e+06
0.99001696        	6.8999993621e+06
0.99105999        	6.8999993571e+06
0.99209952        	6.8999993522e+06
0.99313646        	6.8999993475e+06
0.99416857        	6.8999993428e+06
0.99520068        	6.8999993383e+06
0.99622833        	6.8999993339e+06
0.9972477         	6.8999993297e+06
0.99826707        	6.8999993255e+06
0.99928644        	6.8999993215e+06
1.0003039         	6.8999993175e+06
1.0013152         	6.8999993136e+06
1.0023241         	6.8999993099e+06
1.0033308         	6.8999993062e+06
1.0043356         	6.8999993026e+06
1.0053387         	6.8999992990e+06
1.0063402         	6.8999992955e+06
1.0073404         	6.8999992921e+06
1.0083393         	6.8999992886e+06
1.0093371         	6.8999992853e+06
1.0103338         	6.8999992820e+06
1.0113294         	6.8999992787e+06
1.0123239         	6.8999992754e+06
1.0133174         	6.8999992722e+06
1.0143097         	6.8999992689e+06
1.0153009         	6.8999992657e+06
1.0162909         	6.8999992625e+06
1.0172797         	6.8999992594e+06
1.0182672         	6.8999992562e+06
1.0192535         	6.8999992531e+06
1.0202386         	6.8999992499e+06
1.0212224         	6.8999992468e+06
1.0222051         	6.8999992437e+06
1.0231867         	6.8999992406e+06
1.0241674         	6.8999992375e+06
1.0251473         	6.8999992344e+06
1.0261264         	6.8999992313e+06
1.0271049         	6.8999992283e+06
1.028083          	6.8999992253e+06
1.0290608         	6.8999992223e+06
1.0300386         	6.8999992194e+06
1.0310164         	6.8999992164e+06
1.0319942         	6.8999992136e+06
1.0329726         	6.8999992108e+06
1.0339512         	6.8999992080e+06
1.0349304         	6.8999992054e+06
1.0359103         	6.8999992028e+06
1.0368908         	6.8999992003e+06
1.0378721         	6.8999991979e+06
1.0388541         	6.8999991956e+06
1.039837          	6.8999991934e+06
1.0408207         	6.8999991914e+06
1.0418055         	6.8999991895e+06
1.0427911         	6.8999991877e+06
1.0437778         	6.8999991860e+06
1.0447654         	6.8999991845e+06
1.045754          	6.8999991832e+06
1.0467436         	6.8999991820e+06
1.0477343         	6.8999991809e+06
1.0487261         	6.8999991800e+06
1.0497189         	6.8999991791e+06
1.0507129         	6.8999991785e+06
1.0517079         	6.8999991779e+06
1.052704          	6.8999991774e+06
1.0537012         	6.8999991771e+06
1.0546996         	6.8999991768e+06
1.0556991         	6.8999991766e+06
1.0566998         	6.8999991765e+06
1.0577018         	6.8999991765e+06
1.058705          	6.8999991765e+06
1.0597099         	6.8999991766e+06
1.0607162         	6.8999991767e+06
1.0617242         	6.8999991769e+06
1.0627341         	6.8999991771e+06
1.063746          	6.8999991773e+06
1.06476           	6.8999991776e+06
1.0657763         	6.8999991779e+06
1.0667953         	6.8999991783e+06
1.0678168         	6.8999991786e+06
1.0688412         	6.8999991790e+06
1.0698687         	6.8999991794e+06
1.0708993         	6.8999991798e+06
1.0719331         	6.8999991802e+06
1.07297           	6.8999991806e+06
1.0740103         	6.8999991810e+06
1.0750535         	6.8999991815e+06
1.0761001         	6.8999991819e+06
1.0771495         	6.8999991824e+06
1.0782016         	6.8999991828e+06
1.0792564         	6.8999991832e+06
1.0803134         	6.8999991837e+06
1.0813721         	6.8999991841e+06
1.0824335         	6.8999991846e+06
1.0834961         	6.8999991850e+06
1.0845609         	6.8999991855e+06
1.0856257         	6.8999991859e+06
1.0866942         	6.8999991863e+06
1.0877629         	6.8999991868e+06
1.0888317         	6.8999991872e+06
1.0899044         	6.8999991876e+06
1.0909784         	6.8999991880e+06
1.0920524         	6.8999991885e+06
1.0931264         	6.8999991889e+06
1.0942023         	6.8999991893e+06
1.095286          	6.8999991897e+06
1.0963697         	6.8999991902e+06
1.0974534         	6.8999991906e+06
1.098537          	6.8999991910e+06
1.0996207         	6.8999991914e+06
1.1007076         	6.8999991918e+06
1.1017973         	6.8999991922e+06
1.102888          	6.8999991926e+06
1.1039795         	6.8999991930e+06
1.1050716         	6.8999991934e+06
1.106164          	6.8999991938e+06
1.1072564         	6.8999991942e+06
1.1083486         	6.8999991945e+06
1.1094403         	6.8999991949e+06
1.1105314         	6.8999991952e+06
1.1116217         	6.8999991955e+06
1.1127111         	6.8999991958e+06
1.1137995         	6.8999991960e+06
1.1148869         	6.8999991962e+06
1.115973          	6.8999991963e+06
1.1170579         	6.8999991964e+06
1.1181415         	6.8999991964e+06
1.1192238         	6.8999991963e+06
1.1203048         	6.8999991962e+06
1.1213844         	6.8999991960e+06
1.1224627         	6.8999991957e+06
1.1235395         	6.8999991953e+06
1.1246151         	6.8999991948e+06
1.1256893         	6.8999991943e+06
1.126762          	6.8999991936e+06
1.1278335         	6.8999991929e+06
1.1289036         	6.8999991921e+06
1.1299723         	6.8999991913e+06
1.1310396         	6.8999991903e+06
1.1321055         	6.8999991894e+06
1.1331701         	6.8999991883e+06
1.134233          	6.8999991872e+06
1.1352944         	6.8999991861e+06
1.1363542         	6.8999991850e+06
1.1374121         	6.8999991838e+06
1.1384682         	6.8999991826e+06
1.1395223         	6.8999991814e+06
1.1405741         	6.8999991802e+06
1.1416237         	6.8999991789e+06
1.1426707         	6.8999991777e+06
1.1437152         	6.8999991764e+06
1.1447569         	6.8999991752e+06
1.1457957         	6.8999991740e+06
1.1468316         	6.8999991728e+06
1.1478646         	6.8999991716e+06
1.1488946         	6.8999991704e+06
1.1499217         	6.8999991692e+06
1.1509459         	6.8999991680e+06
1.1519675         	6.8999991669e+06
1.1529864         	6.8999991657e+06
1.1540028         	6.8999991646e+06
1.1550169         	6.8999991635e+06
1.1560289         	6.8999991625e+06
1.157039          	6.8999991614e+06
1.1580473         	6.8999991604e+06
1.1590539         	6.8999991593e+06
1.1600592         	6.8999991583e+06
1.1610631         	6.8999991574e+06
1.1620657         	6.8999991564e+06
1.1630672         	6.8999991554e+06
1.1640677         	6.8999991545e+06
1.1650672         	6.8999991535e+06
1.1660655         	6.8999991526e+06
1.1670628         	6.8999991517e+06
1.1680593         	6.8999991508e+06
1.1690543         	6.8999991500e+06
1.1700485         	6.8999991491e+06
1.1710419         	6.8999991482e+06
1.1720336         	6.8999991474e+06
1.1730248         	6.8999991466e+06
1.1740147         	6.8999991457e+06
1.1750038         	6.8999991449e+06
1.1759917         	6.8999991441e+06
1.1769795         	6.8999991434e+06
1.1779654         	6.8999991426e+06
1.1789513         	6.8999991419e+06
1.1799372         	6.8999991412e+06
1.1809231         	6.8999991405e+06
1.181909          	6.8999991398e+06
1.1828949         	6.8999991392e+06
1.1838807         	6.8999991386e+06
1.1848666         	6.8999991380e+06
1.1858525         	6.8999991375e+06
1.1868384         	6.8999991370e+06
1.1878243         	6.8999991365e+06
1.1888102         	6.8999991361e+06
1.1897961         	6.8999991358e+06
1.190782          	6.8999991355e+06
1.1917678         	6.8999991353e+06
1.192758          	6.8999991351e+06
1.1937501         	6.8999991350e+06
1.1947421         	6.8999991349e+06
1.1957342         	6.8999991349e+06
1.1967262         	6.8999991350e+06
1.1977183         	6.8999991351e+06
1.1987103         	6.8999991353e+06
1.1997024         	6.8999991356e+06
