# Region type :   sampledSurface planeZ5p
# Faces           : 966
# Area            : 8.2959467477e-02
# Scale factor    : 1.0000000000e+00
# Time            	areaAverage(p_rgh)
0.0022270965      	6.9000000004e+06
0.0096097579      	6.9000023250e+06
0.013010141       	6.9000248430e+06
0.015529156       	6.9001397767e+06
0.018148069       	6.9005628951e+06
0.020857049       	6.9013997481e+06
0.02347722        	6.9032262313e+06
0.026041769       	6.9095412344e+06
0.028605501       	6.9239255306e+06
0.031064934       	6.9407413694e+06
0.033272514       	6.9490907218e+06
0.035314692       	6.9494131283e+06
0.037336227       	6.9481095387e+06
0.039372081       	6.9480094689e+06
0.041394097       	6.9478999832e+06
0.043402323       	6.9472501379e+06
0.045418211       	6.9457185651e+06
0.047440984       	6.9417360274e+06
0.049404863       	6.9341303513e+06
0.051270606       	6.9240200838e+06
0.053080282       	6.9141962938e+06
0.05487189        	6.9075544719e+06
0.056648489       	6.9051180013e+06
0.058411791       	6.9052382500e+06
0.060178796       	6.9056136057e+06
0.061961981       	6.9054320165e+06
0.063737396       	6.9051180495e+06
0.06546678        	6.9048677715e+06
0.067149859       	6.9044507959e+06
0.068799377       	6.9038381074e+06
0.070418288       	6.9032452838e+06
0.07201351        	6.9028046714e+06
0.073605298       	6.9024571351e+06
0.075207256       	6.9020833615e+06
0.076810873       	6.9016904213e+06
0.078401693       	6.9014445978e+06
0.079973704       	6.9014592020e+06
0.081525887       	6.9016522353e+06
0.08305684        	6.9018695075e+06
0.084573195       	6.9020316053e+06
0.086091001       	6.9021290612e+06
0.08761111        	6.9021880579e+06
0.08913122        	6.9022625299e+06
0.090640976       	6.9023729230e+06
0.092133166       	6.9024480863e+06
0.093607826       	6.9023857404e+06
0.095066271       	6.9021633563e+06
0.096517367       	6.9018301758e+06
0.097968464       	6.9013716500e+06
0.099419561       	6.9006250577e+06
0.10086877        	6.8993495379e+06
0.10230429        	6.8973420035e+06
0.10372716        	6.8944287986e+06
0.10514173        	6.8904593463e+06
0.1065501         	6.8854013305e+06
0.1079494         	6.8794886227e+06
0.1093265         	6.8732820436e+06
0.11066394        	6.8674972033e+06
0.11195448        	6.8627138434e+06
0.11319772        	6.8592492584e+06
0.11438549        	6.8571426862e+06
0.11550788        	6.8561555022e+06
0.11655434        	6.8559058303e+06
0.11751382        	6.8560342135e+06
0.11839213        	6.8563072291e+06
0.11920705        	6.8566226794e+06
0.11997595        	6.8569569681e+06
0.12071176        	6.8573230288e+06
0.12142366        	6.8577483326e+06
0.12211744        	6.8582632789e+06
0.12279585        	6.8588943267e+06
0.12345995        	6.8596606827e+06
0.12411069        	6.8605748201e+06
0.12474941        	6.8616450384e+06
0.12537756        	6.8628780198e+06
0.12599666        	6.8642812440e+06
0.12660865        	6.8658649309e+06
0.12721581        	6.8676418890e+06
0.12782027        	6.8696236212e+06
0.1284235         	6.8718142336e+06
0.1290265         	6.8742053669e+06
0.12962963        	6.8767714309e+06
0.1302331         	6.8794711325e+06
0.13083662        	6.8822506899e+06
0.13143976        	6.8850521066e+06
0.13204176        	6.8878142280e+06
0.13264225        	6.8904718973e+06
0.13324123        	6.8929553897e+06
0.13383893        	6.8951996989e+06
0.13443587        	6.8971564123e+06
0.13503282        	6.8987994007e+06
0.13563073        	6.9001253554e+06
0.13623037        	6.9011506304e+06
0.13683211        	6.9019080424e+06
0.13743596        	6.9024445378e+06
0.13804175        	6.9028179486e+06
0.13864917        	6.9030886988e+06
0.13925774        	6.9033094711e+06
0.13986691        	6.9035184565e+06
0.14047644        	6.9037381231e+06
0.14108623        	6.9039765222e+06
0.14169673        	6.9042294139e+06
0.14230845        	6.9044840531e+06
0.14292208        	6.9047258809e+06
0.1435384         	6.9049450888e+06
0.14415801        	6.9051393650e+06
0.14478124        	6.9053131994e+06
0.14540791        	6.9054760075e+06
0.14603771        	6.9056399151e+06
0.14667028        	6.9058163166e+06
0.14730514        	6.9060117385e+06
0.14794187        	6.9062247201e+06
0.14858019        	6.9064448458e+06
0.1492202         	6.9066543970e+06
0.14986238        	6.9068323303e+06
0.15050729        	6.9069597394e+06
0.15115545        	6.9070257526e+06
0.15180719        	6.9070315627e+06
0.15246262        	6.9069902546e+06
0.15312143        	6.9069230149e+06
0.15378298        	6.9068552204e+06
0.15444654        	6.9068139041e+06
0.15511149        	6.9068247419e+06
0.15577729        	6.9069070704e+06
0.15644368        	6.9070680959e+06
0.15711093        	6.9072982156e+06
0.15777953        	6.9075691694e+06
0.15845013        	6.9078376516e+06
0.1591232         	6.9080555499e+06
0.159799          	6.9081840080e+06
0.16047756        	6.9082046709e+06
0.16115846        	6.9081227207e+06
0.16184106        	6.9079623018e+06
0.16252471        	6.9077581636e+06
0.163209          	6.9075466733e+06
0.16389358        	6.9073576255e+06
0.16457878        	6.9072076333e+06
0.16526494        	6.9070976648e+06
0.16595274        	6.9070148410e+06
0.16664276        	6.9069380662e+06
0.16733523        	6.9068455244e+06
0.1680302         	6.9067217775e+06
0.1687274         	6.9065622903e+06
0.16942615        	6.9063740427e+06
0.17012595        	6.9061721002e+06
0.17082639        	6.9059737289e+06
0.17152727        	6.9057922108e+06
0.17222865        	6.9056325420e+06
0.17293106        	6.9054901997e+06
0.17363485        	6.9053529979e+06
0.17434051        	6.9052053923e+06
0.17504818        	6.9050351874e+06
0.1757576         	6.9048408784e+06
0.17646837        	6.9046368338e+06
0.17717989        	6.9044542184e+06
0.17789168        	6.9043378654e+06
0.17860256        	6.9043411073e+06
0.17931344        	6.9045202041e+06
0.18002369        	6.9049291817e+06
0.18073416        	6.9056156601e+06
0.18144508        	6.9066152301e+06
0.18215703        	6.9079477293e+06
0.18287012        	6.9096142068e+06
0.18358402        	6.9115976967e+06
0.18429932        	6.9138697944e+06
0.18501461        	6.9163827591e+06
0.1857299         	6.9190791479e+06
0.18644519        	6.9218876328e+06
0.18716049        	6.9247244448e+06
0.18787578        	6.9274979266e+06
0.18859107        	6.9301159250e+06
0.18930786        	6.9324991679e+06
0.19002546        	6.9345764508e+06
0.19074426        	6.9363028042e+06
0.19146455        	6.9376586961e+06
0.19218484        	6.9386492608e+06
0.19290514        	6.9393070852e+06
0.19362543        	6.9396814174e+06
0.19434572        	6.9398303490e+06
0.19506601        	6.9398125417e+06
0.1957863         	6.9396788671e+06
0.19650659        	6.9394661641e+06
0.19722688        	6.9391941868e+06
0.19794717        	6.9388657076e+06
0.19866746        	6.9384692177e+06
0.19938775        	6.9379832394e+06
0.20010846        	6.9373807000e+06
0.20083175        	6.9366306571e+06
0.20155508        	6.9357072280e+06
0.20227846        	6.9345841150e+06
0.20300213        	6.9332360299e+06
0.20372631        	6.9316389771e+06
0.20445132        	6.9297711940e+06
0.2051773         	6.9276175233e+06
0.20590438        	6.9251749057e+06
0.20663249        	6.9224593898e+06
0.20736141        	6.9195117847e+06
0.20809096        	6.9163987543e+06
0.20882092        	6.9132100746e+06
0.20955129        	6.9100497873e+06
0.21028204        	6.9070263378e+06
0.21101338        	6.9042393589e+06
0.21174546        	6.9017693541e+06
0.21247843        	6.8996688911e+06
0.21321233        	6.8979578295e+06
0.21394707        	6.8966235093e+06
0.21468243        	6.8956255695e+06
0.21541815        	6.8949047945e+06
0.21615395        	6.8943941160e+06
0.21688944        	6.8940290117e+06
0.21762465        	6.8937551672e+06
0.21835946        	6.8935330727e+06
0.2190939         	6.8933384608e+06
0.21982799        	6.8931599003e+06
0.22056166        	6.8929943282e+06
0.22129477        	6.8928422522e+06
0.22202712        	6.8927041070e+06
0.22275845        	6.8925785482e+06
0.22348854        	6.8924628202e+06
0.22421725        	6.8923543995e+06
0.22494458        	6.8922528529e+06
0.22567063        	6.8921610266e+06
0.22639563        	6.8920849346e+06
0.22711985        	6.8920322298e+06
0.22784352        	6.8920096558e+06
0.22856689        	6.8920202484e+06
0.22929026        	6.8920612469e+06
0.23001364        	6.8921234259e+06
0.23073703        	6.8921922512e+06
0.23146078        	6.8922506000e+06
0.23218487        	6.8922821729e+06
0.23290955        	6.8922750258e+06
0.23363493        	6.8922243507e+06
0.23436115        	6.8921341146e+06
0.23508837        	6.8920170301e+06
0.23581657        	6.8918926381e+06
0.23654581        	6.8917833991e+06
0.2372759         	6.8917096967e+06
0.23800674        	6.8916849149e+06
0.23873814        	6.8917122747e+06
0.23947004        	6.8917845000e+06
0.24020236        	6.8918865511e+06
0.24093502        	6.8920003502e+06
0.24166802        	6.8921097957e+06
0.24240136        	6.8922046131e+06
0.2431351         	6.8922821316e+06
0.24386913        	6.8923465884e+06
0.24460335        	6.8924065677e+06
0.24533756        	6.8924715663e+06
0.24607178        	6.8925488563e+06
0.2468055         	6.8926414025e+06
0.24753919        	6.8927477529e+06
0.24827239        	6.8928631353e+06
0.2490056         	6.8929819249e+06
0.2497387         	6.8930994418e+06
0.25047137        	6.8932130120e+06
0.25120458        	6.8933216839e+06
0.2519378         	6.8934238139e+06
0.25267101        	6.8935145139e+06
0.25340479        	6.8935827500e+06
0.25413887        	6.8936091647e+06
0.25487347        	6.8935657087e+06
0.25560876        	6.8934167981e+06
0.25634497        	6.8931221011e+06
0.25708214        	6.8926406050e+06
0.25782048        	6.8919349745e+06
0.25855999        	6.8909762406e+06
0.25930062        	6.8897476068e+06
0.26004234        	6.8882470764e+06
0.26078508        	6.8864885553e+06
0.26152874        	6.8845013800e+06
0.26227319        	6.8823281432e+06
0.26301842        	6.8800215141e+06
0.26376443        	6.8776412725e+06
0.26451125        	6.8752515328e+06
0.26525894        	6.8729179295e+06
0.26600751        	6.8707050339e+06
0.26675707        	6.8686726010e+06
0.26750765        	6.8668721360e+06
0.26825923        	6.8653426547e+06
0.26901178        	6.8641069712e+06
0.26976539        	6.8631694370e+06
0.27052013        	6.8625164741e+06
0.27127627        	6.8621196126e+06
0.27203366        	6.8619412183e+06
0.27279233        	6.8619407763e+06
0.2735526         	6.8620822759e+06
0.27431423        	6.8623398963e+06
0.27507716        	6.8627012052e+06
0.27584138        	6.8631675507e+06
0.27660675        	6.8637519054e+06
0.27737319        	6.8644755269e+06
0.27814053        	6.8653639645e+06
0.27890888        	6.8664438899e+06
0.27967829        	6.8677400865e+06
0.28044835        	6.8692722772e+06
0.28121962        	6.8710558151e+06
0.28199154        	6.8730950112e+06
0.28276443        	6.8753846734e+06
0.28353769        	6.8779024149e+06
0.28431239        	6.8806148469e+06
0.28508708        	6.8834627443e+06
0.2858623         	6.8863782858e+06
0.2866391         	6.8892847121e+06
0.2874159         	6.8920908472e+06
0.28819307        	6.8947166859e+06
0.28897241        	6.8970979817e+06
0.28975174        	6.8991770849e+06
0.29053171        	6.9009293068e+06
0.29131422        	6.9023562358e+06
0.29209672        	6.9034740060e+06
0.29288048        	6.9043234258e+06
0.29366717        	6.9049539653e+06
0.29445385        	6.9054137471e+06
0.29524328        	6.9057506197e+06
0.29603607        	6.9060017709e+06
0.29682886        	6.9061934319e+06
0.29762164        	6.9063439730e+06
0.29841443        	6.9064648051e+06
0.29920721        	6.9065631210e+06
0.3               	6.9066437867e+06
0.30080897        	6.9067115268e+06
0.30162107        	6.9067661852e+06
0.30243619        	6.9068070090e+06
0.3032542         	6.9068314346e+06
0.30407491        	6.9068358601e+06
0.30489795        	6.9068177029e+06
0.30572295        	6.9067774630e+06
0.30654953        	6.9067198215e+06
0.30737729        	6.9066536230e+06
0.30820591        	6.9065905207e+06
0.30903503        	6.9065422414e+06
0.30986451        	6.9065175287e+06
0.31069411        	6.9065195255e+06
0.3115237         	6.9065445792e+06
0.3123533         	6.9065831534e+06
0.31318299        	6.9066223597e+06
0.31401298        	6.9066497347e+06
0.31484297        	6.9066568801e+06
0.31567325        	6.9066415584e+06
0.31650383        	6.9066080639e+06
0.31733485        	6.9065655498e+06
0.31816636        	6.9065245612e+06
0.3189986         	6.9064935680e+06
0.31983158        	6.9064768944e+06
0.32066544        	6.9064742245e+06
0.32150023        	6.9064813594e+06
0.32233611        	6.9064920365e+06
0.32317306        	6.9065002808e+06
0.32401123        	6.9065021868e+06
0.32485052        	6.9064965179e+06
0.32569102        	6.9064846093e+06
0.3265326         	6.9064704137e+06
0.32737512        	6.9064595861e+06
0.32821837        	6.9064605469e+06
0.32906212        	6.9064869695e+06
0.32990611        	6.9065592855e+06
0.33075011        	6.9067059411e+06
0.33159375        	6.9069637320e+06
0.33243694        	6.9073758018e+06
0.33327953        	6.9079875129e+06
0.33412132        	6.9088408999e+06
0.33496236        	6.9099689611e+06
0.33580253        	6.9113895561e+06
0.33664195        	6.9131015100e+06
0.33748063        	6.9150815686e+06
0.33831855        	6.9172844575e+06
0.33915585        	6.9196458779e+06
0.33999251        	6.9220869283e+06
0.34082855        	6.9245212230e+06
0.34166398        	6.9268617235e+06
0.34249872        	6.9290281718e+06
0.34333271        	6.9309549927e+06
0.3441658         	6.9325967182e+06
0.34499803        	6.9339301818e+06
0.34582919        	6.9349527738e+06
0.34665923        	6.9356801052e+06
0.34748811        	6.9361408045e+06
0.34831578        	6.9363702426e+06
0.3491422         	6.9364041822e+06
0.34996737        	6.9362731494e+06
0.35079132        	6.9359980730e+06
0.35161414        	6.9355879358e+06
0.35243594        	6.9350394279e+06
0.35325686        	6.9343384063e+06
0.35407688        	6.9334629818e+06
0.3548962         	6.9323870101e+06
0.35571482        	6.9310846673e+06
0.35653291        	6.9295340910e+06
0.35735072        	6.9277213815e+06
0.3581678         	6.9256463594e+06
0.35898483        	6.9233209742e+06
0.3598015         	6.9207768774e+06
0.36061771        	6.9180628353e+06
0.36143393        	6.9152418398e+06
0.36225014        	6.9123907137e+06
0.363066          	6.9095941239e+06
0.36388132        	6.9069350834e+06
0.36469664        	6.9044852908e+06
0.36551172        	6.9023025765e+06
0.36632608        	6.9004233615e+06
0.36714009        	6.8988584760e+06
0.36795346        	6.8975984240e+06
0.36876584        	6.8966158713e+06
0.36957727        	6.8958712296e+06
0.37038752        	6.8953199449e+06
0.37119632        	6.8949179318e+06
0.37200364        	6.8946260272e+06
0.37280923        	6.8944126838e+06
0.37361297        	6.8942544480e+06
0.37441463        	6.8941353374e+06
0.37521429        	6.8940452744e+06
0.37601182        	6.8939785492e+06
0.37680711        	6.8939323710e+06
0.37760049        	6.8939057877e+06
0.37839177        	6.8938989365e+06
0.37918125        	6.8939122948e+06
0.37996915        	6.8939460211e+06
0.38075582        	6.8939993058e+06
0.3815413         	6.8940697768e+06
0.38232584        	6.8941531741e+06
0.38310962        	6.8942434186e+06
0.38389339        	6.8943332640e+06
0.38467717        	6.8944150266e+06
0.38546095        	6.8944818771e+06
0.38624472        	6.8945289612e+06
0.3870285         	6.8945542385e+06
0.38781228        	6.8945587640e+06
0.38859605        	6.8945462371e+06
0.38937983        	6.8945219688e+06
0.3901636         	6.8944916073e+06
0.39094738        	6.8944599247e+06
0.39173116        	6.8944299532e+06
0.39251493        	6.8944026726e+06
0.39329871        	6.8943773543e+06
0.39408249        	6.8943523856e+06
0.39486626        	6.8943261590e+06
0.39565004        	6.8942978223e+06
0.39643382        	6.8942677951e+06
0.39721759        	6.8942378354e+06
0.39800137        	6.8942105170e+06
0.39878515        	6.8941884096e+06
0.39956892        	6.8941733763e+06
0.40035197        	6.8941659679e+06
0.40113376        	6.8941649296e+06
0.40191512        	6.8941669677e+06
0.40269607        	6.8941664265e+06
0.40347667        	6.8941550922e+06
0.40425697        	6.8941218446e+06
0.40503719        	6.8940521886e+06
0.40581718        	6.8939282307e+06
0.40659745        	6.8937286564e+06
0.40737785        	6.8934295805e+06
0.40815863        	6.8930055879e+06
0.40893982        	6.8924318917e+06
0.40972158        	6.8916864410e+06
0.41050394        	6.8907526704e+06
0.41128695        	6.8896216963e+06
0.41207062        	6.8882943037e+06
0.41285495        	6.8867818750e+06
0.41363992        	6.8851066289e+06
0.41442553        	6.8833007349e+06
0.41521174        	6.8814047824e+06
0.41599853        	6.8794653574e+06
0.41678596        	6.8775323125e+06
0.41757405        	6.8756561519e+06
0.4183628         	6.8738849575e+06
0.41915225        	6.8722614827e+06
0.41994249        	6.8708206589e+06
0.42073356        	6.8695879785e+06
0.42152551        	6.8685784501e+06
0.42231845        	6.8677967257e+06
0.42311237        	6.8672381636e+06
0.42390735        	6.8668908792e+06
0.42470334        	6.8667390829e+06
0.4255004         	6.8667665124e+06
0.42629847        	6.8669594060e+06
0.42709752        	6.8673086780e+06
0.4278975         	6.8678112656e+06
0.42869835        	6.8684702738e+06
0.42949995        	6.8692939120e+06
0.43030222        	6.8702935842e+06
0.43110508        	6.8714812168e+06
0.43190847        	6.8728665829e+06
0.43271234        	6.8744543240e+06
0.43351662        	6.8762414693e+06
0.43432114        	6.8782153627e+06
0.43512602        	6.8803536247e+06
0.43593106        	6.8826224554e+06
0.43673645        	6.8849795541e+06
0.43754185        	6.8873733308e+06
0.43834773        	6.8897499767e+06
0.43915364        	6.8920519429e+06
0.43996006        	6.8942277910e+06
0.44076676        	6.8962316602e+06
0.44157392        	6.8980299895e+06
0.44238166        	6.8996024187e+06
0.44319009        	6.9009427356e+06
0.4439994         	6.9020582397e+06
0.44480975        	6.9029671032e+06
0.44562128        	6.9036952616e+06
0.44643418        	6.9042726135e+06
0.44724869        	6.9047295384e+06
0.44806487        	6.9050938923e+06
0.44888298        	6.9053893010e+06
0.44970309        	6.9056340248e+06
0.45052531        	6.9058409686e+06
0.45134969        	6.9060181270e+06
0.45217624        	6.9061694914e+06
0.45300493        	6.9062961470e+06
0.4538355         	6.9063973694e+06
0.45466793        	6.9064718910e+06
0.4555019         	6.9065187857e+06
0.4563372         	6.9065383169e+06
0.45717353        	6.9065323306e+06
0.45801072        	6.9065043942e+06
0.45884817        	6.9064595581e+06
0.45968629        	6.9064037393e+06
0.46052441        	6.9063429823e+06
0.46136244        	6.9062824632e+06
0.46219966        	6.9062258700e+06
0.46303688        	6.9061748754e+06
0.46387409        	6.9061293051e+06
0.46471034        	6.9060875616e+06
0.46554659        	6.9060472303e+06
0.46638284        	6.9060060473e+06
0.46721908        	6.9059624839e+06
0.46805533        	6.9059159979e+06
0.46889158        	6.9058667918e+06
0.46972783        	6.9058153596e+06
0.47056408        	6.9057621521e+06
0.47140032        	6.9057074020e+06
0.4722378         	6.9056508975e+06
0.47307527        	6.9055921932e+06
0.47391301        	6.9055306749e+06
0.47475182        	6.9054662974e+06
0.47559063        	6.9054005343e+06
0.47643017        	6.9053367595e+06
0.47727045        	6.9052810864e+06
0.47811073        	6.9052428674e+06
0.47895101        	6.9052349523e+06
0.47979129        	6.9052740789e+06
0.48063157        	6.9053807865e+06
0.48147185        	6.9055787953e+06
0.48231213        	6.9058941125e+06
0.48315241        	6.9063534764e+06
0.4839914         	6.9069809872e+06
0.48482955        	6.9077973008e+06
0.4856677         	6.9088170189e+06
0.48650495        	6.9100432960e+06
0.48734056        	6.9114672884e+06
0.48817617        	6.9130720283e+06
0.48901177        	6.9148260843e+06
0.48984542        	6.9166830741e+06
0.49067776        	6.9185947157e+06
0.49151011        	6.9205103999e+06
0.49234245        	6.9223755141e+06
0.49317479        	6.9241381112e+06
0.49400685        	6.9257525241e+06
0.49483349        	6.9271754963e+06
0.49566013        	6.9283941664e+06
0.49648677        	6.9293953518e+06
0.49731342        	6.9301755784e+06
0.49814006        	6.9307391313e+06
0.4989667         	6.9310954340e+06
0.49979334        	6.9312561624e+06
0.50061608        	6.9312329173e+06
0.50143664        	6.9310356642e+06
0.50225626        	6.9306688396e+06
0.50307495        	6.9301320766e+06
0.50389286        	6.9294208373e+06
0.50471008        	6.9285280997e+06
0.50552671        	6.9274462836e+06
0.50634277        	6.9261696098e+06
0.5071584         	6.9246965401e+06
0.50797368        	6.9230324326e+06
0.50878866        	6.9211911142e+06
0.50960341        	6.9191959052e+06
0.51041787        	6.9170797165e+06
0.51123225        	6.9148827049e+06
0.51204636        	6.9126521600e+06
0.51286036        	6.9104375412e+06
0.51367409        	6.9082889969e+06
0.51448762        	6.9062517076e+06
0.5153008         	6.9043638775e+06
0.51611356        	6.9026531701e+06
0.51692582        	6.9011353277e+06
0.51773743        	6.8998144528e+06
0.51854829        	6.8986841382e+06
0.51935827        	6.8977298579e+06
0.52016715        	6.8969315034e+06
0.52097483        	6.8962660341e+06
0.52178119        	6.8957102901e+06
0.52258607        	6.8952431204e+06
0.52338937        	6.8948468422e+06
0.52419102        	6.8945079155e+06
0.52499099        	6.8942169400e+06
0.52578925        	6.8939680924e+06
0.5265858         	6.8937583210e+06
0.52738075        	6.8935863585e+06
0.52817419        	6.8934517870e+06
0.52896622        	6.8933541633e+06
0.52975704        	6.8932924281e+06
0.5305468         	6.8932645615e+06
0.53133573        	6.8932674336e+06
0.5321239         	6.8932968558e+06
0.5329116         	6.8933477977e+06
0.53369903        	6.8934147171e+06
0.53448619        	6.8934919463e+06
0.53527314        	6.8935741567e+06
0.53606014        	6.8936568461e+06
0.53684758        	6.8937367666e+06
0.53763502        	6.8938120859e+06
0.53842245        	6.8938824849e+06
0.53921032        	6.8939488414e+06
0.53999826        	6.8940127134e+06
0.5407862         	6.8940760387e+06
0.54157414        	6.8941408042e+06
0.54236208        	6.8942087881e+06
0.54315003        	6.8942813893e+06
0.54393797        	6.8943596221e+06
0.54472591        	6.8944442482e+06
0.54551332        	6.8945358033e+06
0.5463007         	6.8946347598e+06
0.54708773        	6.8947412426e+06
0.54787453        	6.8948550351e+06
0.54866094        	6.8949752659e+06
0.54944714        	6.8951001480e+06
0.55023286        	6.8952264503e+06
0.55101845        	6.8953492956e+06
0.55180362        	6.8954616766e+06
0.55258858        	6.8955544661e+06
0.55337354        	6.8956162089e+06
0.5541585         	6.8956331394e+06
0.55494345        	6.8955895474e+06
0.55572841        	6.8954683400e+06
0.55651337        	6.8952517991e+06
0.55729833        	6.8949225566e+06
0.55808383        	6.8944643798e+06
0.55886951        	6.8938641977e+06
0.55965583        	6.8931123970e+06
0.56044246        	6.8922052250e+06
0.56122968        	6.8911444003e+06
0.5620175         	6.8899384966e+06
0.56280572        	6.8886032850e+06
0.56359457        	6.8871603455e+06
0.56438402        	6.8856371802e+06
0.56517387        	6.8840660033e+06
0.56596447        	6.8824807512e+06
0.56675568        	6.8809176610e+06
0.56754736        	6.8794123483e+06
0.56833985        	6.8779972634e+06
0.5691331         	6.8767019332e+06
0.569927          	6.8755507844e+06
0.57072164        	6.8745621556e+06
0.57151725        	6.8737483171e+06
0.57231375        	6.8731164558e+06
0.57311112        	6.8726689499e+06
0.57390925        	6.8724045182e+06
0.57470836        	6.8723195814e+06
0.57550848        	6.8724100378e+06
0.57630912        	6.8726722372e+06
0.57711085        	6.8731041347e+06
0.577913          	6.8737044888e+06
0.57871616        	6.8744737602e+06
0.57951933        	6.8754109457e+06
0.58032361        	6.8765162459e+06
0.58112837        	6.8777853603e+06
0.58193313        	6.8792100312e+06
0.58273789        	6.8807778499e+06
0.58354265        	6.8824709910e+06
0.58434782        	6.8842670494e+06
0.58515463        	6.8861406649e+06
0.58596145        	6.8880557265e+06
0.58676826        	6.8899772448e+06
0.58757507        	6.8918697019e+06
0.58838189        	6.8936991804e+06
0.5891887         	6.8954354539e+06
0.58999551        	6.8970537984e+06
0.59080268        	6.8985369545e+06
0.59161302        	6.8998787189e+06
0.59242335        	6.9010699387e+06
0.59323369        	6.9021142828e+06
0.59404403        	6.9030208709e+06
0.59485561        	6.9038036630e+06
0.59567218        	6.9044798013e+06
0.59648875        	6.9050594270e+06
0.59730532        	6.9055566919e+06
0.59812189        	6.9059836132e+06
0.59893846        	6.9063495425e+06
0.59975503        	6.9066612122e+06
0.60057739        	6.9069247691e+06
0.60140368        	6.9071416396e+06
0.60223163        	6.9073126778e+06
0.60306111        	6.9074391849e+06
0.60389194        	6.9075228105e+06
0.60472392        	6.9075659975e+06
0.60555686        	6.9075722702e+06
0.60639057        	6.9075462573e+06
0.60722481        	6.9074935023e+06
0.60805949        	6.9074200954e+06
0.60889446        	6.9073321360e+06
0.60972953        	6.9072352029e+06
0.61056459        	6.9071338929e+06
0.61139966        	6.9070316241e+06
0.61223472        	6.9069305143e+06
0.61306945        	6.9068312719e+06
0.61390411        	6.9067333494e+06
0.61473878        	6.9066355150e+06
0.61557345        	6.9065360330e+06
0.61640811        	6.9064329082e+06
0.61724305        	6.9063241453e+06
0.61807814        	6.9062079300e+06
0.6189134         	6.9060826668e+06
0.61974891        	6.9059471237e+06
0.62058479        	6.9058005453e+06
0.62142096        	6.9056429353e+06
0.62225747        	6.9054753289e+06
0.62309431        	6.9053002779e+06
0.62393161        	6.9051222116e+06
0.62476923        	6.9049477346e+06
0.62560699        	6.9047858192e+06
0.62644512        	6.9046478968e+06
0.62728336        	6.9045480883e+06
0.62812159        	6.9045029094e+06
0.62895982        	6.9045307655e+06
0.62979795        	6.9046510905e+06
0.63063569        	6.9048831958e+06
0.63147311        	6.9052452497e+06
0.63231016        	6.9057527517e+06
0.63314674        	6.9064171032e+06
0.63398277        	6.9072441373e+06
0.63481824        	6.9082328570e+06
0.63565313        	6.9093746643e+06
0.63648739        	6.9106533955e+06
0.637321          	6.9120456403e+06
0.63815389        	6.9135215372e+06
0.63898607        	6.9150464129e+06
0.63981758        	6.9165824818e+06
0.64064834        	6.9180909101e+06
0.64147823        	6.9195343556e+06
0.64230735        	6.9208795473e+06
0.64313552        	6.9220977207e+06
0.64396285        	6.9231664638e+06
0.64478911        	6.9240691699e+06
0.64561445        	6.9247955323e+06
0.64643875        	6.9253400229e+06
0.647262          	6.9257012593e+06
0.64808433        	6.9258805983e+06
0.64890555        	6.9258806541e+06
0.64972592        	6.9257041976e+06
0.65054531        	6.9253533911e+06
0.65136386        	6.9248296050e+06
0.65218165        	6.9241338226e+06
0.65299874        	6.9232674642e+06
0.65381526        	6.9222332319e+06
0.65463125        	6.9210365117e+06
0.6554466         	6.9196865468e+06
0.65626178        	6.9181960880e+06
0.65707627        	6.9165844679e+06
0.65789076        	6.9148736387e+06
0.6587047         	6.9130924238e+06
0.6595184         	6.9112711604e+06
0.6603321         	6.9094420673e+06
0.66114505        	6.9076394665e+06
0.66195792        	6.9058924782e+06
0.6627703         	6.9042287708e+06
0.66358229        	6.9026697854e+06
0.6643936         	6.9012316880e+06
0.66520439        	6.8999235446e+06
0.66601444        	6.8987491831e+06
0.66682357        	6.8977069352e+06
0.66763172        	6.8967906399e+06
0.66843875        	6.8959911044e+06
0.6692446         	6.8952973468e+06
0.67004923        	6.8946978527e+06
0.67085257        	6.8941817394e+06
0.67165448        	6.8937394267e+06
0.67245485        	6.8933629086e+06
0.67325389        	6.8930457533e+06
0.67405156        	6.8927831585e+06
0.67484788        	6.8925714505e+06
0.67564289        	6.8924076573e+06
0.67643666        	6.8922890808e+06
0.67722942        	6.8922129517e+06
0.67802144        	6.8921761964e+06
0.67881232        	6.8921752581e+06
0.6796029         	6.8922059779e+06
0.68039317        	6.8922636668e+06
0.68118218        	6.8923431152e+06
0.68197119        	6.8924392000e+06
0.68276019        	6.8925469098e+06
0.6835492         	6.8926617425e+06
0.68433821        	6.8927799670e+06
0.68512721        	6.8928987771e+06
0.68591622        	6.8930163321e+06
0.68670523        	6.8931317376e+06
0.68749424        	6.8932449648e+06
0.68828324        	6.8933567334e+06
0.68907225        	6.8934683875e+06
0.68986126        	6.8935817185e+06
0.69065026        	6.8936987043e+06
0.69143927        	6.8938212476e+06
0.69222828        	6.8939509805e+06
0.69301729        	6.8940891211e+06
0.69380629        	6.8942363246e+06
0.6945953         	6.8943925446e+06
0.69538431        	6.8945568517e+06
0.69617332        	6.8947272111e+06
0.69696232        	6.8949002543e+06
0.69775133        	6.8950711488e+06
0.69854034        	6.8952335781e+06
0.69932934        	6.8953797052e+06
0.7001183         	6.8955002013e+06
0.70090694        	6.8955843369e+06
0.70169558        	6.8956202552e+06
0.70248423        	6.8955951398e+06
0.70327293        	6.8954957632e+06
0.7040619         	6.8953090505e+06
0.70485111        	6.8950229057e+06
0.70564063        	6.8946269824e+06
0.70643053        	6.8941135235e+06
0.70722089        	6.8934781282e+06
0.70801168        	6.8927205326e+06
0.70880296        	6.8918447625e+06
0.70959478        	6.8908593864e+06
0.71038715        	6.8897774265e+06
0.71118006        	6.8886160531e+06
0.71197359        	6.8873958478e+06
0.71276771        	6.8861403575e+06
0.71356245        	6.8848749599e+06
0.71435785        	6.8836258531e+06
0.71515394        	6.8824190870e+06
0.71595075        	6.8812796775e+06
0.7167483         	6.8802305627e+06
0.71754665        	6.8792917139e+06
0.71834583        	6.8784797092e+06
0.71914585        	6.8778076524e+06
0.71994673        	6.8772852686e+06
0.72074848        	6.8769190750e+06
0.72155109        	6.8767127740e+06
0.72235457        	6.8766677952e+06
0.72315889        	6.8767840735e+06
0.72396404        	6.8770606591e+06
0.72476993        	6.8774959149e+06
0.72557652        	6.8780874446e+06
0.72638382        	6.8788319914e+06
0.72719171        	6.8797247980e+06
0.72800013        	6.8807593894e+06
0.72880903        	6.8819269890e+06
0.72961838        	6.8832162701e+06
0.73042811        	6.8846129206e+06
0.73123812        	6.8860996676e+06
0.73204852        	6.8876568344e+06
0.73285923        	6.8892621318e+06
0.73367016        	6.8908915914e+06
0.73448153        	6.8925211784e+06
0.73529323        	6.8941264851e+06
0.73610532        	6.8956848667e+06
0.73691787        	6.8971762254e+06
0.73773099        	6.8985838623e+06
0.73854473        	6.8998948803e+06
0.73935919        	6.9011006937e+06
0.74017451        	6.9021968526e+06
0.74099076        	6.9031827566e+06
0.74180807        	6.9040611473e+06
0.74262655        	6.9048373449e+06
0.74344627        	6.9055181949e+06
0.74426732        	6.9061113773e+06
0.74508979        	6.9066246126e+06
0.74591369        	6.9070650676e+06
0.74673902        	6.9074390489e+06
0.74756584        	6.9077518044e+06
0.74839405        	6.9080075579e+06
0.74922357        	6.9082097922e+06
0.7500543         	6.9083615418e+06
0.75088622        	6.9084656485e+06
0.75171904        	6.9085250162e+06
0.7525527         	6.9085429373e+06
0.75338705        	6.9085232262e+06
0.75422185        	6.9084702818e+06
0.75505722        	6.9083889764e+06
0.75589258        	6.9082845346e+06
0.75672795        	6.9081620946e+06
0.75756332        	6.9080264348e+06
0.75839869        	6.9078816855e+06
0.75923406        	6.9077311364e+06
0.76006942        	6.9075771822e+06
0.76090479        	6.9074213298e+06
0.76174016        	6.9072642367e+06
0.76257553        	6.9071057806e+06
0.76341089        	6.9069451825e+06
0.76424626        	6.9067811995e+06
0.76508163        	6.9066123876e+06
0.765917          	6.9064374072e+06
0.76675236        	6.9062552793e+06
0.76758773        	6.9060656982e+06
0.7684231         	6.9058693600e+06
0.76925847        	6.9056680770e+06
0.77009384        	6.9054649178e+06
0.7709292         	6.9052645229e+06
0.77176457        	6.9050733330e+06
0.77259994        	6.9048996103e+06
0.77343531        	6.9047533716e+06
0.77427067        	6.9046462276e+06
0.77510604        	6.9045911458e+06
0.77594141        	6.9046020655e+06
0.77677678        	6.9046931893e+06
0.77761215        	6.9048782793e+06
0.77844618        	6.9051692785e+06
0.77927999        	6.9055763664e+06
0.78011379        	6.9061063844e+06
0.78094705        	6.9067615874e+06
0.78177906        	6.9075390677e+06
0.78261107        	6.9084326613e+06
0.78344276        	6.9094298534e+06
0.7842727         	6.9105117704e+06
0.78510264        	6.9116596186e+06
0.78593257        	6.9128494984e+06
0.78676018        	6.9140521343e+06
0.78758767        	6.9152440491e+06
0.78841516        	6.9163991105e+06
0.78924127        	6.9174905665e+06
0.79006569        	6.9184957908e+06
0.79089012        	6.9193974733e+06
0.79171454        	6.9201791260e+06
0.79253765        	6.9208266428e+06
0.79335769        	6.9213300634e+06
0.79417773        	6.9216854351e+06
0.79499777        	6.9218884664e+06
0.7958178         	6.9219367201e+06
0.79663784        	6.9218291856e+06
0.79745788        	6.9215659031e+06
0.79827792        	6.9211478673e+06
0.79909796        	6.9205771292e+06
0.799918          	6.9198569747e+06
0.80073273        	6.9189982935e+06
0.80154636        	6.9180050033e+06
0.80235951        	6.9168857598e+06
0.80317225        	6.9156522493e+06
0.8039846         	6.9143189222e+06
0.80479657        	6.9129028731e+06
0.80560821        	6.9114233843e+06
0.80641953        	6.9099014608e+06
0.80723056        	6.9083591459e+06
0.80804129        	6.9068187405e+06
0.80885167        	6.9053018241e+06
0.80966168        	6.9038282648e+06
0.81047127        	6.9024156359e+06
0.81128035        	6.9010786899e+06
0.8120889         	6.8998287060e+06
0.81289677        	6.8986736232e+06
0.81370395        	6.8976176841e+06
0.81451035        	6.8966619627e+06
0.81531582        	6.8958049105e+06
0.81612039        	6.8950427538e+06
0.81692392        	6.8943702413e+06
0.8177264         	6.8937812032e+06
0.81852781        	6.8932692511e+06
0.81932811        	6.8928282499e+06
0.82012725        	6.8924524638e+06
0.8209253         	6.8921367602e+06
0.8217223         	6.8918766963e+06
0.82251827        	6.8916684257e+06
0.8233133         	6.8915085262e+06
0.82410749        	6.8913938754e+06
0.8249009         	6.8913214816e+06
0.82569367        	6.8912882852e+06
0.82648591        	6.8912910298e+06
0.82727766        	6.8913262152e+06
0.82806901        	6.8913901254e+06
0.82886017        	6.8914789269e+06
0.82965106        	6.8915887292e+06
0.83044194        	6.8917158053e+06
0.83123282        	6.8918566060e+06
0.8320237         	6.8920079357e+06
0.83281458        	6.8921670623e+06
0.83360546        	6.8923317946e+06
0.83439635        	6.8925005318e+06
0.83518744        	6.8926723088e+06
0.83597881        	6.8928466805e+06
0.83677017        	6.8930236133e+06
0.83756153        	6.8932034927e+06
0.83835289        	6.8933868748e+06
0.83914426        	6.8935743162e+06
0.83993562        	6.8937661967e+06
0.84072698        	6.8939625119e+06
0.84151834        	6.8941626426e+06
0.8423097         	6.8943652026e+06
0.84310107        	6.8945679154e+06
0.84389243        	6.8947675196e+06
0.84468379        	6.8949596834e+06
0.84547515        	6.8951389261e+06
0.84626651        	6.8952986953e+06
0.84705788        	6.8954314189e+06
0.8478496         	6.8955286230e+06
0.84864155        	6.8955809489e+06
0.84943351        	6.8955786018e+06
0.85022569        	6.8955117376e+06
0.85101827        	6.8953708455e+06
0.85181099        	6.8951474798e+06
0.85260422        	6.8948345696e+06
0.85339779        	6.8944272866e+06
0.8541917         	6.8939233918e+06
0.85498626        	6.8933233568e+06
0.85578124        	6.8926311338e+06
0.85657669        	6.8918537315e+06
0.85737271        	6.8910011758e+06
0.85816941        	6.8900862422e+06
0.85896664        	6.8891243096e+06
0.85976442        	6.8881324124e+06
0.86056278        	6.8871288780e+06
0.86136192        	6.8861326725e+06
0.86216176        	6.8851632424e+06
0.86296227        	6.8842395919e+06
0.86376348        	6.8833796306e+06
0.86456545        	6.8825995885e+06
0.86536813        	6.8819138965e+06
0.86617166        	6.8813348913e+06
0.86697609        	6.8808728676e+06
0.86778131        	6.8805360413e+06
0.86858729        	6.8803303895e+06
0.86939399        	6.8802599148e+06
0.87020153        	6.8803270019e+06
0.87100996        	6.8805327625e+06
0.8718189         	6.8808768055e+06
0.8726287         	6.8813575935e+06
0.87343899        	6.8819717088e+06
0.87425001        	6.8827145595e+06
0.8750611         	6.8835790604e+06
0.87587344        	6.8845584044e+06
0.87668579        	6.8856411977e+06
0.87749813        	6.8868155719e+06
0.87831137        	6.8880693934e+06
0.8791252         	6.8893872940e+06
0.87993903        	6.8907519912e+06
0.88075286        	6.8921461308e+06
0.88156669        	6.8935519219e+06
0.88238163        	6.8949534967e+06
0.88319729        	6.8963330127e+06
0.88401296        	6.8976732478e+06
0.88482862        	6.8989599958e+06
0.88564486        	6.9001820242e+06
0.88646282        	6.9013311044e+06
0.88728077        	6.9023975780e+06
0.88809873        	6.9033771418e+06
0.88891911        	6.9042705601e+06
0.88973992        	6.9050756945e+06
0.89056072        	6.9057943654e+06
0.89138358        	6.9064317043e+06
0.89220812        	6.9069914102e+06
0.89303266        	6.9074770703e+06
0.8938572         	6.9078936524e+06
0.89468205        	6.9082460138e+06
0.89551298        	6.9085402674e+06
0.89634391        	6.9087775727e+06
0.89717484        	6.9089614616e+06
0.89800577        	6.9090951474e+06
0.8988367         	6.9091816593e+06
0.89966763        	6.9092240135e+06
0.90049997        	6.9092253276e+06
0.90133354        	6.9091888152e+06
0.90216749        	6.9091181203e+06
0.9030016         	6.9090172011e+06
0.903836          	6.9088900585e+06
0.90467039        	6.9087407300e+06
0.90550479        	6.9085731753e+06
0.90633918        	6.9083910170e+06
0.90717358        	6.9081973212e+06
0.90800771        	6.9079947254e+06
0.90884173        	6.9077852813e+06
0.90967574        	6.9075704394e+06
0.91050976        	6.9073510483e+06
0.91134347        	6.9071276396e+06
0.9121771         	6.9069003769e+06
0.91301073        	6.9066693511e+06
0.91384436        	6.9064348194e+06
0.91467799        	6.9061975584e+06
0.91551162        	6.9059590201e+06
0.91634525        	6.9057214247e+06
0.91717888        	6.9054880351e+06
0.91801217        	6.9052634069e+06
0.91884538        	6.9050530782e+06
0.91967859        	6.9048638343e+06
0.92051163        	6.9047036868e+06
0.9213444         	6.9045815668e+06
0.92217696        	6.9045071602e+06
0.92300929        	6.9044907704e+06
0.92384117        	6.9045427566e+06
0.92467269        	6.9046728959e+06
0.92550382        	6.9048897419e+06
0.92633453        	6.9051999006e+06
0.92716477        	6.9056073455e+06
0.92799452        	6.9061129406e+06
0.92882371        	6.9067141078e+06
0.92965236        	6.9074047592e+06
0.93048034        	6.9081754303e+06
0.93130773        	6.9090138227e+06
0.93213453        	6.9099050184e+06
0.93296062        	6.9108320477e+06
0.93378599        	6.9117766823e+06
0.93461073        	6.9127199411e+06
0.93543463        	6.9136423848e+06
0.93625786        	6.9145255056e+06
0.93708023        	6.9153515753e+06
0.93790185        	6.9161045918e+06
0.9387226         	6.9167700944e+06
0.93954258        	6.9173359841e+06
0.94036165        	6.9177923129e+06
0.94117995        	6.9181314535e+06
0.94199738        	6.9183475063e+06
0.94281403        	6.9184363110e+06
0.94362992        	6.9183951068e+06
0.94444499        	6.9182225309e+06
0.94525934        	6.9179186168e+06
0.94607302        	6.9174848047e+06
0.94688609        	6.9169240367e+06
0.9476986         	6.9162408634e+06
0.9485106         	6.9154415483e+06
0.9493221         	6.9145341937e+06
0.95013307        	6.9135285919e+06
0.95094385        	6.9124356882e+06
0.95175403        	6.9112688146e+06
0.95256417        	6.9100411354e+06
0.95337365        	6.9087685728e+06
0.95418314        	6.9074657309e+06
0.95499209        	6.9061493911e+06
0.95580085        	6.9048347796e+06
0.95660921        	6.9035375059e+06
0.95741723        	6.9022716706e+06
0.95822475        	6.9010504064e+06
0.95903201        	6.8998845122e+06
0.95983846        	6.8987838125e+06
0.96064443        	6.8977547250e+06
0.96144982        	6.8968019960e+06
0.9622545         	6.8959283128e+06
0.96305845        	6.8951343345e+06
0.96386153        	6.8944192247e+06
0.96466375        	6.8937807130e+06
0.96546512        	6.8932157163e+06
0.9662656         	6.8927206258e+06
0.96706523        	6.8922915474e+06
0.96786398        	6.8919245625e+06
0.96866189        	6.8916158403e+06
0.96945909        	6.8913617436e+06
0.97025546        	6.8911589825e+06
0.97105103        	6.8910044516e+06
0.97184633        	6.8908951649e+06
0.97264051        	6.8908284137e+06
0.97343469        	6.8908012930e+06
0.97422833        	6.8908109808e+06
0.9750213         	6.8908544684e+06
0.97581428        	6.8909286876e+06
0.97660725        	6.8910304589e+06
0.97740023        	6.8911565179e+06
0.9781932         	6.8913035720e+06
0.97898618        	6.8914684112e+06
0.97977915        	6.8916480075e+06
0.98057213        	6.8918396199e+06
0.9813651         	6.8920408685e+06
0.98215807        	6.8922497913e+06
0.98295105        	6.8924649032e+06
0.98374402        	6.8926851424e+06
0.984537          	6.8929097630e+06
0.98532997        	6.8931382315e+06
0.98612295        	6.8933700862e+06
0.98691592        	6.8936047863e+06
0.9877089         	6.8938415627e+06
0.98850187        	6.8940792631e+06
0.98929484        	6.8943162124e+06
0.99008782        	6.8945500699e+06
0.99088079        	6.8947777250e+06
0.99167377        	6.8949952716e+06
0.99246674        	6.8951980740e+06
0.99325972        	6.8953807722e+06
0.99405269        	6.8955372943e+06
0.99484567        	6.8956609658e+06
0.99563864        	6.8957446039e+06
0.99643161        	6.8957807564e+06
0.99722459        	6.8957619799e+06
0.99801756        	6.8956812318e+06
0.99881054        	6.8955322885e+06
0.99960351        	6.8953101745e+06
1.0003984         	6.8950107740e+06
1.0011956         	6.8946319678e+06
1.0019932         	6.8941750722e+06
1.0027913         	6.8936431388e+06
1.0035899         	6.8930416003e+06
1.004389          	6.8923780881e+06
1.0051887         	6.8916622661e+06
1.005989          	6.8909054139e+06
1.0067898         	6.8901202337e+06
1.0075913         	6.8893205060e+06
1.0083933         	6.8885206535e+06
1.009196          	6.8877354553e+06
1.0099994         	6.8869797492e+06
1.0108034         	6.8862679379e+06
1.0116082         	6.8856135100e+06
1.0124137         	6.8850289719e+06
1.0132199         	6.8845256003e+06
1.0140268         	6.8841133052e+06
1.0148345         	6.8838005050e+06
1.0156429         	6.8835939576e+06
1.0164521         	6.8834987767e+06
1.017262          	6.8835186679e+06
1.0180725         	6.8836560394e+06
1.0188837         	6.8839118207e+06
1.0196956         	6.8842853734e+06
1.020508          	6.8847745228e+06
1.021321          	6.8853753922e+06
1.0221345         	6.8860825466e+06
1.0229484         	6.8868891258e+06
1.0237628         	6.8877868635e+06
1.0245775         	6.8887662291e+06
1.0253926         	6.8898165520e+06
1.026208          	6.8909262172e+06
1.0270238         	6.8920831079e+06
1.0278399         	6.8932739881e+06
1.0286563         	6.8944854996e+06
1.029473          	6.8957043767e+06
1.0302901         	6.8969171585e+06
1.0311076         	6.8981109761e+06
1.0319255         	6.8992738755e+06
1.0327439         	6.9003949329e+06
1.0335628         	6.9014645540e+06
1.0343823         	6.9024748059e+06
1.0352025         	6.9034195447e+06
1.0360234         	6.9042945062e+06
1.036845          	6.9050970001e+06
1.0376675         	6.9058261083e+06
1.0384907         	6.9064820718e+06
1.0393149         	6.9070664005e+06
1.0401399         	6.9075812226e+06
1.0409659         	6.9080293210e+06
1.0417927         	6.9084136735e+06
1.0426203         	6.9087374099e+06
1.0434487         	6.9090035719e+06
1.0442779         	6.9092151516e+06
1.0451078         	6.9093749547e+06
1.0459382         	6.9094856159e+06
1.0467693         	6.9095497177e+06
1.0476008         	6.9095698684e+06
1.0484326         	6.9095488858e+06
1.0492648         	6.9094897974e+06
1.0500972         	6.9093958871e+06
1.0509296         	6.9092706543e+06
1.051762          	6.9091177000e+06
1.0525944         	6.9089406447e+06
1.0534268         	6.9087430311e+06
1.0542592         	6.9085282334e+06
1.0550916         	6.9082993455e+06
1.055924          	6.9080590880e+06
1.0567565         	6.9078097588e+06
1.0575886         	6.9075532925e+06
1.0584202         	6.9072912385e+06
1.0592518         	6.9070246671e+06
1.0600834         	6.9067547579e+06
1.060915          	6.9064828242e+06
1.0617466         	6.9062104153e+06
1.0625782         	6.9059395072e+06
1.0634094         	6.9056727798e+06
1.06424           	6.9054135385e+06
1.0650707         	6.9051655750e+06
1.0659014         	6.9049336844e+06
1.066732          	6.9047235005e+06
1.0675623         	6.9045414911e+06
1.0683919         	6.9043947012e+06
1.0692215         	6.9042904866e+06
1.0700511         	6.9042366852e+06
1.0708797         	6.9042410106e+06
1.0717081         	6.9043105649e+06
1.0725366         	6.9044515514e+06
1.0733638         	6.9046683316e+06
1.0741911         	6.9049637357e+06
1.0750181         	6.9053380908e+06
1.0758439         	6.9057887747e+06
1.0766698         	6.9063118577e+06
1.0774949         	6.9069001196e+06
1.0783192         	6.9075446378e+06
1.0791436         	6.9082352589e+06
1.0799665         	6.9089584008e+06
1.0807892         	6.9097016964e+06
1.0816116         	6.9104508063e+06
1.0824325         	6.9111902615e+06
1.0832534         	6.9119069710e+06
1.0840735         	6.9125862418e+06
1.0848923         	6.9132145541e+06
1.0857112         	6.9137806059e+06
1.0865293         	6.9142728984e+06
1.0873457         	6.9146815565e+06
1.0881621         	6.9149994739e+06
1.0889785         	6.9152198088e+06
1.0897932         	6.9153368563e+06
1.0906065         	6.9153470115e+06
1.0914198         	6.9152477494e+06
1.0922331         	6.9150377157e+06
1.0930464         	6.9147170395e+06
1.0938597         	6.9142873683e+06
1.0946729         	6.9137519076e+06
1.0954862         	6.9131153840e+06
1.0962995         	6.9123839742e+06
1.0971128         	6.9115651742e+06
1.0979261         	6.9106676513e+06
1.0987394         	6.9097010755e+06
1.0995527         	6.9086760505e+06
1.1003637         	6.9076069392e+06
1.1011718         	6.9065067233e+06
1.1019795         	6.9053840251e+06
1.102787          	6.9042508962e+06
1.1035941         	6.9031192284e+06
1.104401          	6.9020005773e+06
1.1052074         	6.9009058661e+06
1.1060135         	6.8998451739e+06
1.1068191         	6.8988273201e+06
1.1076243         	6.8978597615e+06
1.1084289         	6.8969486539e+06
1.109233          	6.8960985325e+06
1.1100365         	6.8953125126e+06
1.1108393         	6.8945922063e+06
1.1116416         	6.8939381321e+06
1.1124431         	6.8933498054e+06
1.113244          	6.8928258969e+06
1.1140441         	6.8923644921e+06
1.1148436         	6.8919632001e+06
1.1156424         	6.8916194292e+06
1.1164406         	6.8913305076e+06
1.1172381         	6.8910937236e+06
1.1180352         	6.8909064039e+06
1.1188317         	6.8907660830e+06
1.1196278         	6.8906703060e+06
1.1204234         	6.8906166188e+06
1.1212188         	6.8906025661e+06
1.1220138         	6.8906256229e+06
1.1228088         	6.8906831456e+06
1.1236034         	6.8907723071e+06
1.1243979         	6.8908902472e+06
1.1251925         	6.8910340149e+06
1.125987          	6.8912006218e+06
1.1267816         	6.8913870984e+06
1.1275762         	6.8915905948e+06
1.1283707         	6.8918084525e+06
1.1291653         	6.8920382925e+06
1.1299603         	6.8922781818e+06
1.1307553         	6.8925262132e+06
1.1315503         	6.8927808079e+06
1.1323453         	6.8930405921e+06
1.1331407         	6.8933044503e+06
1.1339362         	6.8935709481e+06
1.1347317         	6.8938386725e+06
1.1355272         	6.8941059893e+06
1.1363232         	6.8943709769e+06
1.1371192         	6.8946310208e+06
1.1379151         	6.8948831367e+06
1.1387115         	6.8951239493e+06
1.139508          	6.8953492867e+06
1.1403046         	6.8955546235e+06
1.1411016         	6.8957350122e+06
1.1418986         	6.8958848839e+06
1.1426961         	6.8959985325e+06
1.1434937         	6.8960699732e+06
1.1442918         	6.8960934182e+06
1.1450901         	6.8960633847e+06
1.1458888         	6.8959751240e+06
1.1466879         	6.8958248624e+06
1.1474874         	6.8956101612e+06
1.1482873         	6.8953300976e+06
1.1490877         	6.8949854027e+06
1.1498886         	6.8945787219e+06
1.1506899         	6.8941143865e+06
1.1514917         	6.8935983393e+06
1.1522941         	6.8930378916e+06
1.153097          	6.8924418250e+06
1.1539005         	6.8918198902e+06
1.1547044         	6.8911826605e+06
1.155509          	6.8905413808e+06
1.1563142         	6.8899076509e+06
1.1571201         	6.8892933152e+06
1.1579266         	6.8887098610e+06
1.1587337         	6.8881684369e+06
1.1595414         	6.8876796559e+06
1.1603497         	6.8872533296e+06
1.1611589         	6.8868982582e+06
1.1619688         	6.8866223556e+06
1.1627792         	6.8864322181e+06
1.1635901         	6.8863331716e+06
1.164402          	6.8863293377e+06
1.1652143         	6.8864237144e+06
1.1660271         	6.8866178923e+06
1.1668408         	6.8869122519e+06
1.1676547         	6.8873051773e+06
1.1684694         	6.8877942186e+06
1.1692842         	6.8883746402e+06
1.1700998         	6.8890416772e+06
1.1709157         	6.8897882279e+06
1.1717315         	6.8906065832e+06
1.1725483         	6.8914894965e+06
1.1733653         	6.8924271211e+06
1.1741824         	6.8934096413e+06
1.1749994         	6.8944269776e+06
1.1758173         	6.8954699074e+06
1.1766357         	6.8965271400e+06
1.1774541         	6.8975875041e+06
1.1782724         	6.8986405321e+06
1.1790913         	6.8996768181e+06
1.1799113         	6.9006873542e+06
1.1807312         	6.9016620851e+06
1.1815512         	6.9025933146e+06
1.1823723         	6.9034758195e+06
1.1831941         	6.9043036684e+06
1.1840159         	6.9050723435e+06
1.1848384         	6.9057798753e+06
1.1856624         	6.9064253985e+06
1.1864864         	6.9070071535e+06
1.1873104         	6.9075256054e+06
1.1881362         	6.9079828453e+06
1.1889629         	6.9083798479e+06
1.1897897         	6.9087181626e+06
1.1906164         	6.9090000773e+06
1.1914432         	6.9092279363e+06
1.1922699         	6.9094040727e+06
1.1930967         	6.9095307600e+06
1.1939263         	6.9096104002e+06
1.1947583         	6.9096447917e+06
1.1955903         	6.9096361393e+06
1.1964223         	6.9095871632e+06
1.1972544         	6.9095007682e+06
1.1980864         	6.9093800188e+06
1.1989184         	6.9092281773e+06
1.1997504         	6.9090486006e+06
